100
29 51 63 60 27 50 8 3 15 68 41 38 2 37 88 59 11 54 21 93 87 43 69 13 52 4 76 44 82 49 99 89 14 85 83 9 71 46 17 84 26 74 57 36 61 47 12 98 34 75 31 81 80 62 79 55 48 90 70 30 53 56 77 10 97 33 22 96 91 7 
32 73 24 79 98 46 95 86 33 40 87 82 91 59 44 22 43 9 68 8 13 56 51 41 81 100 17 29 37 89 1 80 90 3 42 10 50 4 65 14 64 6 5 27 93 7 18 97 35 52 61 83 62 39 15 31 84 70 19 76 88 66 12 34 69 67 36 
65 79 76 45 66 27 84 52 46 22 31 44 48 35 5 92 61 2 38 75 39 50 98 54 21 59 88 57 17 32 33 70 77 55 60 71 81 4 62 19 25 24 94 15 68 64 34 13 1 51 72 11 99 9 23 90 6 58 85 56 82 86 7 20 53 63 83 10 96 78 95 67 87 29 8 47 26 
36 26 76 78 57 17 65 98 77 47 30 62 9 67 1 12 93 8 99 82 49 39 15 90 56 18 86 88 28 81 85 31 43 42 37 6 87 83 64 32 94 70 35 33 74 66 97 89 71 20 58 25 72 11 2 34 63 23 41 68 55 53 75 21 80 50 69 3 
76 82 52 20 10 81 22 68 90 91 37 86 35 77 95 73 38 29 67 13 46 97 6 8 34 61 65 2 3 39 85 83 7 53 27 25 31 56 12 60 64 63 23 14 100 26 21 69 9 50 43 57 94 75 54 18 72 32 42 49 58 74 55 11 89 78 96 80 
7 77 22 46 97 84 28 74 16 13 4 33 82 68 92 73 72 31 52 3 30 18 85 41 37 70 91 83 81 51 80 88 95 38 24 17 39 42 76 86 40 20 87 59 35 64 29 43 55 75 57 5 96 2 63 48 15 94 90 67 89 27 50 19 54 66 44 53 
99 37 91 54 52 63 9 45 72 93 39 97 76 87 75 94 33 47 68 14 88 42 2 10 86 77 36 13 74 17 5 71 51 64 12 84 3 96 66 32 79 89 55 43 80 29 46 60 38 83 20 26 53 21 6 31 57 90 15 1 48 56 
29 36 43 17 87 79 80 21 89 81 96 30 92 78 95 88 23 64 57 1 10 12 35 84 100 9 24 37 5 75 76 33 58 46 60 55 11 51 32 61 39 3 83 77 63 2 65 86 18 49 48 54 97 4 25 22 44 42 45 19 93 53 27 50 91 
16 94 88 53 1 36 78 65 26 55 96 98 91 63 35 25 85 33 93 81 77 47 22 40 39 41 31 45 99 34 61 57 17 89 3 82 62 28 56 32 71 69 2 83 15 51 4 86 11 97 80 49 100 5 14 8 66 7 95 18 38 50 84 13 19 79 
68 22 14 61 3 23 100 64 73 52 78 72 7 62 92 47 57 96 59 82 2 98 86 13 19 45 29 75 63 20 11 8 5 37 41 55 71 53 42 93 94 39 97 25 28 44 95 65 43 79 24 15 88 89 36 74 27 32 91 83 1 76 21 50 58 16 49 35 17 70 87 
30 89 4 60 67 43 71 15 58 3 75 93 81 74 80 5 39 38 36 19 59 13 78 90 18 69 27 88 10 77 33 87 64 1 56 95 17 14 24 52 8 100 34 28 99 47 97 42 51 21 29 70 41 85 66 65 57 84 72 45 49 9 55 76 44 48 
96 87 7 19 26 29 66 35 47 92 24 82 45 51 67 56 37 58 60 64 18 78 14 8 5 36 54 59 76 93 21 15 16 61 97 13 83 62 100 88 50 1 40 94 86 74 49 80 22 65 69 2 32 30 79 53 44 81 77 99 46 4 41 72 27 71 84 
32 98 83 96 63 99 79 78 11 45 80 69 90 18 70 9 50 75 43 88 85 33 25 28 81 23 66 20 89 17 68 29 6 34 1 21 36 61 65 55 87 71 10 64 48 54 7 97 42 76 86 12 41 3 16 35 52 19 26 77 59 5 56 22 2 46 14 47 39 27 
41 90 67 51 95 1 71 49 2 38 66 39 11 5 7 45 60 30 54 17 46 96 24 44 36 13 35 9 87 48 33 89 65 91 25 59 10 72 76 78 99 22 84 80 23 68 29 86 77 42 83 16 40 52 28 20 56 64 57 53 19 12 61 70 74 69 21 
37 89 74 59 18 12 47 28 27 51 78 40 10 83 17 73 24 98 30 76 11 77 80 54 36 69 1 42 55 38 62 45 25 72 43 46 65 64 20 39 3 4 6 49 90 79 70 82 32 96 31 7 58 19 9 2 34 75 88 63 68 97 100 16 
44 50 9 64 88 70 15 52 97 65 90 58 18 77 61 17 62 33 14 57 83 26 24 49 43 81 29 47 55 53 34 71 96 45 37 20 19 22 36 35 74 99 6 12 72 92 78 91 31 28 86 68 10 42 39 48 41 13 46 23 27 56 82 76 100 
96 36 85 26 23 62 6 54 11 21 60 31 61 33 98 66 15 34 19 65 53 59 9 89 7 45 3 8 76 30 90 82 2 16 92 32 37 67 22 51 14 83 40 80 4 99 69 38 13 39 95 25 74 72 46 52 20 58 43 35 49 100 56 1 91 41 75 10 70 73 
73 51 49 85 4 9 37 28 55 87 41 71 30 70 59 92 13 24 34 83 56 32 67 98 2 72 47 22 75 94 63 57 99 61 44 93 74 8 5 91 12 33 81 31 96 95 46 76 42 89 52 88 64 40 16 20 68 48 39 60 25 21 43 97 84 45 69 6 11 15 
69 14 64 57 15 90 52 49 40 63 39 54 67 33 42 60 41 38 97 3 53 78 76 65 58 73 17 46 74 10 9 30 16 8 79 100 62 51 66 43 56 80 34 32 20 23 22 27 92 35 85 84 11 98 50 86 68 21 12 6 59 45 44 24 2 61 77 75 13 31 
61 71 98 56 17 38 99 27 67 85 93 51 70 5 57 37 4 96 54 97 92 81 21 35 47 62 64 87 79 14 84 63 50 43 16 26 75 55 3 77 100 76 46 15 13 39 80 36 34 6 19 33 28 94 23 18 49 7 69 22 89 68 45 10 30 41 40 
56 41 11 14 82 7 3 23 54 52 39 97 92 61 42 67 22 76 100 28 57 71 64 55 49 88 43 69 46 35 78 8 33 74 20 27 32 36 80 19 48 4 18 99 26 24 87 63 5 25 89 30 68 66 81 59 91 17 62 13 72 44 94 47 86 58 50 73 53 10 79 1 60 45 12 
19 47 48 8 96 24 37 35 34 2 33 10 40 25 72 5 29 6 38 51 65 17 69 75 55 20 18 100 61 3 49 88 32 39 70 94 53 99 16 1 67 63 44 60 90 62 97 52 68 27 87 64 76 14 58 57 21 13 93 92 78 56 12 95 9 
5 57 80 10 14 60 13 87 76 77 100 58 67 4 98 3 42 41 52 8 75 17 40 20 65 16 24 39 84 48 71 34 43 85 37 19 83 63 38 94 68 25 28 74 50 96 21 81 82 32 97 86 64 49 47 66 53 59 88 99 54 95 26 46 
75 28 63 49 93 10 89 25 42 79 74 76 77 86 30 52 100 87 2 35 12 91 73 64 36 85 31 33 19 6 53 62 3 81 21 23 54 94 41 18 55 38 8 60 69 56 72 58 22 11 98 78 14 97 83 71 68 59 43 15 32 84 88 47 16 44 70 
13 73 92 38 37 68 17 93 50 59 58 4 46 45 32 56 70 27 18 91 55 28 10 65 95 99 22 81 78 31 60 21 52 5 30 96 53 9 54 14 23 36 3 67 61 24 100 49 8 48 87 57 76 44 84 15 79 64 85 74 71 88 
64 81 66 73 13 35 44 67 40 36 41 5 12 95 43 89 100 33 65 3 9 92 57 21 45 91 63 55 48 39 86 71 60 1 23 46 74 97 4 87 7 47 17 82 34 84 75 16 38 20 90 79 80 88 49 68 69 78 70 98 32 96 27 
100 91 29 92 83 51 63 67 78 77 1 95 87 86 5 74 89 46 19 30 84 58 94 98 16 55 2 40 11 43 20 32 15 97 99 90 21 93 37 66 34 73 49 61 82 31 64 68 71 26 3 25 6 22 39 85 33 28 48 8 45 10 36 12 38 60 13 56 65 79 88 
83 24 30 15 90 82 78 68 11 14 67 25 35 74 57 43 92 88 75 53 42 94 23 16 95 97 18 9 61 39 87 34 62 44 27 59 76 36 10 99 31 13 72 98 21 38 73 52 69 54 100 58 55 63 86 40 6 65 20 50 46 4 89 32 29 
3 31 16 73 27 75 37 78 76 58 57 51 80 85 41 86 74 46 97 6 68 62 44 54 92 8 33 48 38 71 14 77 32 84 100 42 99 52 94 56 12 98 11 40 95 67 1 35 61 93 79 10 7 47 30 64 65 87 13 45 60 91 90 83 63 36 2 22 28 55 5 
65 27 17 28 71 36 57 19 79 6 67 18 70 4 20 37 11 15 53 1 14 95 59 43 74 61 24 49 86 34 94 77 72 47 39 35 63 69 8 50 84 88 41 31 32 91 56 21 55 25 60 29 78 87 76 52 96 12 33 
51 7 19 80 90 25 92 60 81 63 86 97 17 29 84 68 62 48 47 65 30 49 1 42 33 79 94 5 56 100 87 15 76 53 61 44 74 78 16 27 59 72 67 95 93 38 40 82 83 52 66 91 39 6 35 77 18 24 28 99 57 64 2 58 9 37 4 3 
52 74 4 97 76 29 42 15 92 43 54 8 82 64 61 44 91 77 84 73 22 65 37 72 10 87 9 21 59 75 70 39 7 27 45 62 78 38 60 58 46 68 100 3 24 98 33 12 19 90 71 18 79 13 94 5 17 88 28 63 30 85 49 25 23 2 81 48 26 55 83 53 99 69 51 
87 61 31 19 6 81 52 1 95 84 100 62 63 26 20 21 53 79 30 14 29 73 60 9 35 16 85 91 4 97 37 56 3 69 27 75 38 59 55 83 22 90 41 24 71 17 57 40 94 34 54 99 92 96 13 46 18 32 80 93 51 98 48 77 8 2 49 43 7 88 11 65 72 
89 95 87 73 94 67 44 61 50 52 37 19 93 43 22 74 40 82 92 1 13 91 26 62 15 41 56 85 4 49 59 100 58 18 9 28 84 5 90 46 66 81 53 97 16 64 17 57 69 45 79 35 80 54 36 11 33 39 20 2 30 55 23 48 63 3 99 75 65 27 71 42 
17 52 54 21 96 8 2 43 88 39 76 6 38 64 65 45 49 58 63 33 89 19 14 9 87 5 16 94 4 62 71 47 24 48 74 13 92 29 37 75 93 81 70 97 10 40 30 46 66 31 3 80 34 61 22 41 98 99 84 53 20 28 95 12 44 26 82 85 59 
44 27 66 86 30 87 2 99 100 95 84 41 13 7 10 55 45 29 68 89 91 74 48 43 47 77 49 52 62 94 88 34 16 1 38 46 75 72 73 96 17 39 9 14 53 42 97 28 82 70 69 76 93 20 4 11 80 25 57 26 51 78 8 21 90 71 24 67 15 83 60 12 64 92 
42 65 50 7 35 51 48 52 58 25 61 2 100 80 63 40 15 45 1 78 79 62 17 85 49 6 16 27 32 33 34 12 60 86 31 77 91 97 69 43 47 29 89 41 70 74 64 8 5 30 18 76 23 59 55 84 92 66 10 83 57 53 22 54 4 96 20 
6 22 31 72 55 54 46 43 33 97 85 68 63 80 94 95 84 81 98 92 14 71 17 90 1 15 44 51 91 40 52 39 36 41 49 24 53 7 89 96 3 28 42 56 77 67 100 73 29 23 76 70 64 87 9 48 66 50 69 99 75 20 25 11 27 47 93 35 26 32 79 19 88 5 65 
13 19 60 27 75 9 83 5 8 17 56 36 95 97 7 58 16 30 21 51 94 77 41 52 44 14 66 61 22 81 92 40 20 88 98 93 10 31 76 42 48 15 26 32 68 4 96 18 23 34 99 35 3 38 64 54 47 2 6 100 72 11 71 45 65 62 80 79 57 78 63 43 53 28 91 70 74 85 
39 74 69 90 19 76 84 88 22 38 80 45 53 70 60 92 47 14 12 79 35 57 77 29 72 17 78 44 48 34 85 31 97 20 33 83 6 9 54 28 58 81 42 41 46 68 55 18 98 15 56 62 86 61 87 66 64 27 94 26 91 37 99 82 93 43 2 23 63 67 59 89 71 
86 55 66 29 39 70 35 12 68 78 14 53 58 20 87 89 48 57 21 74 61 44 71 52 38 49 64 67 85 84 99 43 16 36 73 60 51 6 91 92 11 76 54 88 19 34 62 93 37 17 9 1 81 75 100 26 40 98 2 97 46 72 42 24 30 18 80 10 59 13 4 33 82 23 63 
75 41 83 10 85 65 63 14 13 60 52 21 97 7 71 66 16 74 84 59 6 80 86 98 11 31 39 45 18 38 62 48 93 44 100 79 24 50 73 29 51 37 64 68 95 61 36 43 81 32 19 92 5 77 34 46 78 23 88 4 89 96 40 15 8 28 72 2 
1 61 11 64 40 13 90 82 6 79 39 93 91 95 99 78 8 37 32 97 33 15 56 19 83 81 65 66 23 16 44 17 30 87 38 46 5 76 10 80 21 28 70 26 75 68 59 53 42 63 96 54 20 35 27 36 49 89 4 71 94 47 18 67 2 84 7 41 34 55 52 77 24 86 57 48 100 
47 12 18 10 11 66 99 22 73 29 8 45 85 95 2 58 6 53 56 46 84 39 42 41 54 25 49 31 35 16 32 14 71 92 75 97 65 68 1 76 83 98 91 51 24 82 43 79 90 70 26 48 19 88 34 100 40 77 28 80 93 52 62 21 38 36 61 3 
96 14 11 18 16 12 56 34 81 76 84 35 80 68 86 87 26 74 55 21 57 39 27 83 44 47 99 61 88 40 100 85 94 20 95 8 90 19 79 32 67 15 29 17 64 49 7 91 37 52 78 72 13 97 65 59 60 77 50 36 73 25 93 9 53 63 10 3 58 42 70 
90 82 5 58 77 63 57 25 59 75 23 19 33 47 55 76 20 54 7 73 16 8 49 27 35 67 2 41 70 69 83 78 62 92 51 43 17 29 26 95 85 44 99 34 6 18 14 36 15 3 21 97 98 1 68 12 13 50 28 87 81 72 66 61 89 40 42 79 32 80 88 65 38 100 
39 93 23 81 1 63 36 44 98 74 82 38 85 13 97 3 22 21 79 45 67 91 84 12 72 92 52 40 11 46 71 9 100 4 69 30 51 62 53 24 94 50 7 43 99 31 18 54 86 65 10 68 55 35 78 77 90 66 29 20 15 37 89 16 87 26 
41 38 23 36 49 65 44 71 94 92 66 32 3 34 97 61 98 51 100 59 29 96 18 50 55 11 26 25 40 43 39 22 14 27 8 31 63 86 77 1 62 7 52 75 73 69 95 88 37 58 35 16 68 56 13 6 21 60 74 67 82 42 85 33 
55 1 17 56 35 24 33 23 75 58 76 99 74 82 9 31 26 79 48 72 30 64 5 85 44 54 60 14 62 16 94 34 92 50 41 46 4 61 81 95 36 53 84 22 21 71 37 15 100 38 66 18 11 32 45 77 20 12 88 27 8 93 25 98 63 19 10 43 52 
53 54 10 88 61 75 70 23 13 69 34 63 4 2 93 83 76 79 16 46 55 12 28 84 19 97 85 20 96 99 77 64 25 66 49 48 37 8 92 74 9 5 42 45 95 81 1 100 30 67 73 51 82 38 62 3 6 21 94 58 65 47 
20 31 80 36 79 12 69 9 37 53 29 99 48 44 89 3 71 1 85 83 27 17 2 97 91 22 72 15 8 63 18 75 50 6 64 38 11 54 41 74 95 47 98 39 57 93 7 96 88 70 19 55 82 66 61 33 87 32 56 42 14 77 68 60 62 46 76 
63 39 65 74 16 58 91 47 49 75 99 44 54 32 1 67 66 76 2 22 62 7 61 98 70 6 17 23 89 97 96 41 5 78 24 37 84 68 86 11 80 14 19 45 43 31 57 35 36 59 10 3 88 25 48 28 29 18 38 34 71 30 13 83 87 69 90 42 33 21 
23 30 73 84 63 92 14 75 33 1 86 6 67 76 7 97 83 39 43 38 93 68 62 9 12 74 77 28 31 82 64 22 81 17 69 85 24 72 47 89 4 10 8 3 59 60 41 40 5 21 66 34 49 32 25 70 79 94 55 54 16 37 36 44 78 35 51 45 50 91 100 19 
47 53 20 100 58 79 38 90 3 92 51 17 91 29 82 61 60 1 12 55 71 97 41 21 46 37 64 94 15 39 40 73 86 19 84 96 63 62 34 68 50 32 70 57 76 5 28 69 77 24 14 13 80 43 88 35 56 72 25 44 52 7 23 33 6 95 85 89 49 8 
60 68 7 9 38 74 81 28 47 18 63 99 40 21 95 36 65 67 4 33 51 88 25 94 15 48 92 87 24 53 97 46 90 54 27 6 3 43 22 49 34 79 5 32 10 29 26 85 13 8 16 1 20 70 37 30 57 41 91 45 80 77 61 76 83 11 69 75 72 50 84 62 93 
91 61 99 81 30 16 57 98 38 93 1 95 14 88 97 40 73 22 65 76 13 72 70 9 51 43 11 63 5 12 68 27 18 21 58 85 33 78 90 79 64 29 54 59 74 34 49 2 83 20 3 92 39 67 19 31 82 84 4 17 87 62 44 24 45 25 48 7 
26 39 28 6 3 64 67 58 41 90 5 69 46 100 4 18 79 96 31 37 85 56 72 71 91 59 65 7 84 51 78 1 19 25 70 76 95 10 99 11 23 74 22 29 60 20 43 40 30 8 45 63 94 81 52 54 21 86 16 88 36 80 14 98 82 55 9 62 75 34 33 
69 97 52 93 70 59 8 35 16 4 56 40 77 98 85 100 78 45 23 63 19 44 90 3 25 50 39 66 48 41 29 46 31 86 49 5 94 81 17 99 60 12 73 24 11 92 67 57 32 15 61 65 21 72 62 27 34 37 22 10 54 28 95 89 
85 67 90 93 53 69 48 72 28 34 70 73 57 13 78 100 11 1 99 17 32 14 24 25 35 33 62 80 98 96 6 56 2 82 83 91 58 46 18 76 23 30 45 42 66 43 68 88 84 10 31 12 40 74 41 3 15 52 63 19 37 92 97 21 
3 18 37 42 12 48 54 75 85 45 31 11 49 21 72 29 14 83 40 71 96 39 51 26 97 8 88 41 23 89 53 32 36 100 17 58 74 27 62 22 70 57 82 63 24 33 81 69 7 25 30 19 55 87 92 99 77 5 68 66 1 73 
63 22 75 25 1 71 80 90 84 69 67 28 10 2 93 32 51 31 55 8 56 29 74 99 40 66 27 96 34 18 14 46 76 3 65 42 87 12 58 16 33 45 9 85 88 44 13 94 73 83 21 49 17 54 41 43 50 30 48 5 39 68 95 35 79 20 37 19 52 
47 60 52 88 56 12 93 91 53 69 28 59 54 9 67 21 97 63 81 35 36 99 29 79 3 31 44 58 1 70 2 86 42 39 40 77 50 34 15 49 75 57 73 94 74 20 51 4 95 19 33 68 82 24 32 85 46 37 41 48 66 80 16 87 83 17 84 10 55 22 
46 78 40 29 39 83 92 35 80 41 28 34 32 5 53 93 20 59 45 1 98 19 61 49 21 91 74 6 48 69 56 65 47 66 82 72 8 55 31 24 23 71 62 27 67 73 60 86 99 13 70 26 33 52 42 30 89 10 7 57 79 50 15 76 87 68 38 90 3 9 100 43 22 58 54 4 75 18 37 51 
23 81 66 50 2 80 13 27 54 84 40 3 14 42 74 21 65 56 15 86 41 39 20 88 24 85 57 38 97 82 69 6 25 75 12 32 95 45 43 83 34 89 5 49 92 77 94 87 7 18 26 37 4 70 99 36 53 8 78 73 10 79 16 100 29 31 19 98 35 51 67 90 11 22 72 
94 96 87 80 12 95 9 91 43 81 70 17 78 25 63 22 61 26 99 10 14 47 64 67 52 84 3 74 42 57 19 92 16 28 23 58 13 100 4 33 15 86 11 45 50 38 73 31 30 39 34 79 29 69 35 83 44 76 56 89 48 68 77 27 46 98 2 32 85 55 5 71 8 37 93 
63 69 83 60 26 85 64 50 72 77 91 21 46 53 94 7 84 75 19 87 49 13 99 92 37 14 98 2 39 4 68 41 40 89 62 44 95 74 88 9 3 52 11 6 48 23 43 17 96 31 42 34 59 51 27 58 35 90 12 79 67 61 82 36 97 47 86 38 
70 36 92 80 55 64 46 58 29 40 41 4 18 78 93 56 26 86 20 68 14 28 53 83 21 22 79 82 25 77 72 57 73 75 3 5 23 12 17 6 66 62 52 96 19 48 59 30 88 34 11 31 71 45 97 63 38 27 65 50 84 2 69 43 47 61 98 
44 74 47 25 63 36 86 42 75 38 93 98 14 16 32 28 70 31 1 15 20 59 100 5 18 81 26 6 2 53 52 7 67 45 41 3 40 39 46 66 65 56 43 84 91 80 73 21 22 48 10 79 61 97 19 99 24 60 88 51 55 13 54 27 62 76 85 23 92 89 83 4 29 
38 75 94 89 48 61 78 36 22 30 85 86 62 19 4 57 76 18 28 66 79 65 47 20 58 9 63 99 53 52 67 26 59 24 92 21 74 80 77 15 83 11 5 37 95 40 81 1 46 33 55 60 14 71 17 34 32 51 50 12 64 2 13 96 97 90 87 93 54 
11 39 45 13 6 63 88 50 89 14 92 57 16 86 2 38 68 54 56 22 76 44 25 59 20 93 51 79 73 55 43 81 95 24 3 71 94 77 1 53 4 41 52 83 18 36 78 58 67 17 60 15 32 40 30 65 46 37 100 75 90 64 62 85 74 82 72 26 35 10 
52 18 7 44 83 51 91 23 82 70 29 94 93 41 12 88 14 76 69 34 21 32 67 78 43 63 48 9 92 86 40 3 77 33 87 13 47 65 27 30 10 80 49 73 11 4 61 72 35 42 54 38 25 16 26 81 39 36 74 57 84 85 79 24 97 75 1 100 60 20 
81 66 53 7 93 40 15 64 70 17 60 3 4 82 86 67 47 85 78 95 38 63 14 6 45 100 55 24 22 89 58 16 12 21 31 49 42 30 56 73 36 5 88 59 54 99 51 97 11 98 57 10 39 80 33 28 46 74 41 71 32 18 77 
19 56 27 71 10 82 41 61 81 18 95 96 78 63 25 77 36 84 45 53 6 68 28 33 87 75 70 44 62 67 17 89 5 42 24 15 48 76 32 64 34 58 21 60 92 38 65 79 50 2 83 93 72 98 46 29 80 54 85 59 100 26 
36 86 47 63 30 21 51 52 95 61 37 60 59 26 96 80 42 56 82 100 31 75 53 34 23 57 14 98 19 18 50 5 85 70 29 76 11 45 7 49 81 89 12 68 62 24 27 15 4 65 64 17 10 25 35 78 97 6 69 77 1 79 55 88 66 83 40 32 41 71 87 28 39 72 48 16 
13 39 57 66 46 1 80 63 74 81 19 71 95 73 62 64 61 68 51 23 17 79 5 99 70 85 67 28 15 20 42 41 55 89 50 29 88 60 3 53 97 11 84 94 26 98 90 87 32 7 18 35 10 38 91 4 49 6 22 24 77 52 36 34 43 69 44 48 8 33 
94 28 10 37 86 82 74 45 100 84 63 32 93 46 55 20 19 12 31 70 14 3 90 44 99 2 51 35 17 25 16 22 56 61 8 81 52 57 83 59 88 5 21 11 85 98 68 23 24 97 40 36 54 49 53 43 13 18 6 39 41 69 79 77 7 92 1 38 50 73 80 91 15 65 29 4 71 30 
98 72 71 38 1 85 81 46 83 69 75 30 86 9 12 43 51 11 47 16 67 13 8 6 33 40 65 42 89 48 54 36 15 53 66 19 79 74 62 55 14 49 92 64 80 24 32 76 91 60 20 37 39 27 7 29 50 44 45 84 31 23 70 93 73 82 4 3 5 58 
12 56 30 4 45 90 85 16 13 71 46 97 5 47 58 72 3 22 43 11 100 25 83 96 28 92 19 32 64 52 67 27 41 15 37 70 26 53 73 91 65 80 31 21 8 81 57 82 14 9 69 74 39 59 95 29 42 86 63 36 24 10 40 84 99 
100 81 31 34 32 74 87 8 54 21 96 13 38 67 77 2 61 95 68 49 20 88 40 7 75 30 45 55 42 57 33 62 10 73 9 64 3 12 80 53 69 56 76 26 65 15 50 71 37 43 39 29 90 44 24 94 99 89 91 92 97 63 84 19 47 27 25 1 70 51 66 82 46 
74 17 2 12 97 59 54 61 93 65 73 72 41 39 34 29 52 26 4 45 85 78 99 5 33 6 9 75 19 38 44 35 98 20 13 63 92 8 14 87 94 89 79 1 11 15 64 67 42 88 69 76 71 31 23 46 7 36 37 57 51 91 84 21 96 43 77 68 90 62 55 40 81 
91 80 49 43 25 65 45 83 13 87 21 99 1 38 69 68 100 57 32 42 56 97 5 78 3 77 86 72 58 96 84 94 4 98 55 20 12 47 75 11 53 41 35 71 62 70 46 9 24 40 76 74 34 33 31 79 73 60 26 18 16 85 95 90 50 8 64 2 89 39 6 23 
34 56 62 66 15 46 88 40 1 77 48 85 90 49 35 76 4 79 2 6 99 92 64 41 84 83 16 9 5 60 72 44 74 21 94 32 31 12 89 53 3 67 17 78 47 63 73 54 100 70 59 57 23 27 26 98 71 51 36 50 10 28 43 
46 71 42 32 40 60 51 8 28 7 81 37 67 10 76 99 93 3 86 44 61 52 70 56 31 45 18 36 55 68 9 65 6 85 27 88 14 91 95 74 43 84 4 78 23 24 92 33 1 13 69 16 77 62 63 59 53 12 98 39 94 5 17 89 73 50 15 66 29 64 82 2 
83 81 88 24 42 3 45 25 68 97 1 49 82 12 73 71 66 91 92 75 36 38 11 52 93 55 37 33 27 14 86 34 77 7 54 8 64 41 23 32 29 50 53 35 57 90 30 56 65 94 47 26 9 18 79 31 76 78 87 44 40 2 62 59 20 6 80 61 89 100 43 19 67 98 
80 98 70 27 54 62 77 96 42 58 25 47 60 38 75 34 45 6 4 82 91 89 93 50 73 53 61 71 86 44 40 90 29 66 72 24 17 88 100 46 35 55 32 57 18 20 74 64 33 1 13 81 65 68 95 51 3 49 78 37 41 56 83 9 48 76 97 19 39 94 59 5 11 69 23 
48 26 12 36 45 6 64 63 89 13 99 54 10 27 58 23 68 67 76 5 29 83 7 81 28 43 70 52 30 92 69 47 41 65 19 100 90 2 9 77 31 74 4 78 40 94 37 21 53 62 3 8 88 71 24 42 66 16 57 72 84 98 14 87 95 85 
22 12 81 45 40 21 51 56 41 65 31 99 34 66 92 7 98 62 64 96 29 32 30 86 23 20 26 33 2 79 69 60 47 74 43 90 11 61 36 10 14 28 97 52 71 38 55 1 35 46 91 75 25 18 13 8 95 73 6 3 4 80 88 24 63 84 27 
50 38 10 94 71 39 98 68 66 25 82 7 51 62 75 16 41 3 2 24 26 93 11 55 84 54 44 85 90 48 100 36 9 87 21 33 83 67 74 70 46 60 79 64 30 45 1 49 97 15 86 42 59 8 56 32 76 27 72 23 61 57 95 28 35 89 80 91 4 52 6 22 13 99 40 12 18 92 
1 47 84 91 51 21 52 69 97 26 86 11 37 43 38 93 13 17 63 77 53 72 42 79 70 82 96 36 64 83 7 9 14 75 4 100 18 34 24 40 81 28 2 88 10 65 5 68 41 80 46 98 94 66 85 54 60 27 35 8 15 6 58 74 73 95 92 90 20 
66 44 97 52 91 4 15 34 81 13 79 56 31 14 87 26 94 45 80 58 63 55 11 19 3 17 2 5 70 93 27 84 38 86 99 6 98 47 100 28 69 82 89 54 64 16 95 36 22 96 78 1 76 40 7 75 46 57 61 33 88 29 59 32 85 43 
43 5 38 45 65 84 6 36 10 89 99 51 32 1 66 76 41 97 71 79 34 88 29 96 90 47 55 56 27 63 14 24 37 18 87 77 31 40 85 53 26 16 17 78 7 75 57 62 9 25 80 68 2 81 54 52 30 21 92 39 44 83 8 59 33 
18 65 67 32 47 33 6 66 3 28 26 31 19 63 73 12 69 78 22 41 58 71 79 34 53 86 37 25 49 55 42 82 44 64 27 59 94 39 70 40 36 8 21 35 77 87 68 56 60 83 20 17 54 100 76 80 93 38 97 29 89 46 84 88 91 16 50 48 10 
47 24 49 1 10 84 31 83 56 70 97 73 77 88 96 12 67 33 69 55 35 7 58 90 43 53 9 45 41 39 50 80 71 38 65 22 59 89 2 29 76 94 42 34 36 18 62 11 40 61 20 25 68 44 4 63 51 72 98 8 27 92 85 
70 50 45 96 64 76 9 66 90 32 24 28 85 53 47 58 34 30 93 65 97 39 71 92 55 54 7 57 10 89 95 4 33 79 22 5 6 40 98 48 82 35 88 31 36 12 20 80 38 84 69 81 18 27 21 23 83 49 3 100 86 61 43 62 75 29 
30 64 31 65 56 100 34 28 73 6 96 62 78 27 25 14 9 69 83 57 10 85 66 3 54 49 23 81 79 88 2 33 29 36 90 61 94 74 46 18 42 26 89 45 97 44 8 5 48 50 75 17 86 72 22 38 87 35 51 43 70 58 39 11 55 
35 39 42 51 5 15 87 1 73 59 8 6 22 100 48 25 98 17 33 79 23 43 80 13 93 16 54 94 60 45 30 26 66 89 85 99 57 90 74 95 67 50 20 37 9 12 69 65 3 81 14 91 10 38 52 61 78 18 7 36 
53 48 16 5 80 78 50 9 89 31 2 55 51 1 62 21 88 18 84 68 47 79 7 29 12 100 35 71 92 19 52 20 85 11 10 94 15 72 74 90 75 66 95 33 54 59 42 23 13 46 58 81 91 27 38 69 22 8 56 36 44 93 87 98 45 32 28 40 41 37 60 34 24 26 76 6 39 4 43 67 64 
89 99 87 93 85 74 33 80 77 56 1 38 46 18 13 32 20 65 15 49 40 97 96 23 51 27 9 63 90 58 42 19 44 88 47 59 3 86 76 82 84 35 29 94 10 68 2 57 64 41 75 4 67 17 28 26 66 81 39 24 72 48 52 73 83 
63 90 66 23 41 29 35 40 39 31 98 80 33 83 12 58 25 59 81 28 56 7 49 55 75 87 13 9 18 38 34 50 32 69 88 72 22 76 79 91 17 47 68 52 27 65 14 86 1 36 20 62 43 44 51 45 16 82 61 3 78 46 96 4 11 60 21 57 64 
2 32 34 16 21 25 58 94 47 19 90 71 23 50 64 36 41 59 74 63 48 81 31 70 46 79 24 84 27 10 49 82 15 57 54 39 33 43 9 95 8 89 11 29 26 22 73 28 60 42 5 78 44 37 88 12 76 45 20 53 97 68 17 72 38 65 85 96 92 86 
