20
11 17 10 6 16 12 9 14 15 7 4 19 3 18 13 8 2 20 5 
18 20 7 1 11 3 14 15 13 16 8 9 19 17 5 10 12 6 4 
5 8 15 4 2 10 20 9 19 12 14 18 7 17 6 11 16 13 1 
19 6 16 11 14 12 13 2 1 9 10 3 8 7 5 17 18 20 15 
14 16 7 9 20 11 3 2 1 18 6 17 8 13 19 15 10 12 4 
8 5 17 19 12 4 13 16 11 1 15 14 9 2 18 20 7 10 3 
1 19 5 3 8 6 10 13 9 17 16 20 2 12 14 15 18 11 4 
13 17 11 4 10 18 1 12 15 16 3 6 20 5 2 19 9 14 7 
2 8 16 1 6 5 10 4 18 11 7 3 13 15 14 17 20 19 12 
12 13 16 6 17 14 1 2 18 8 9 7 3 5 20 11 19 4 15 
10 15 14 12 5 6 13 1 8 2 18 19 16 3 17 4 9 7 20 
18 17 15 3 9 1 10 8 7 11 5 2 14 19 4 6 20 13 16 
8 6 5 4 18 3 14 9 10 11 2 16 19 17 15 12 7 1 20 
12 1 10 11 8 18 3 9 13 6 5 19 7 15 20 16 2 17 4 
18 2 16 5 6 20 9 7 1 3 8 13 11 4 10 17 12 14 19 
20 15 13 2 10 3 1 17 12 4 5 18 6 9 14 7 19 11 8 
3 9 7 4 6 12 2 14 5 15 10 1 13 19 8 18 20 16 11 
10 5 1 8 16 20 3 6 4 12 17 9 13 19 2 11 7 15 14 
6 10 11 1 17 2 20 9 4 3 7 16 15 12 8 13 5 14 18 
17 15 4 14 18 5 9 11 8 19 2 7 12 13 3 6 1 16 10 
