40
39 27 23 10 22 13 2 28 18 8 7 26 35 4 14 29 32 21 11 31 3 25 34 17 40 37 12 38 16 9 20 6 36 19 15 24 5 33 30 
35 1 17 14 18 21 39 15 13 25 38 22 7 11 29 4 31 12 40 16 37 5 8 24 3 26 36 9 34 19 32 23 6 28 33 10 30 27 20 
34 5 4 20 13 36 25 29 19 10 35 26 24 21 23 30 27 37 8 7 32 14 38 6 9 12 17 15 39 40 33 16 18 11 22 28 2 31 1 
17 34 18 27 16 14 12 23 33 30 32 28 40 2 3 8 20 29 21 26 7 19 15 38 25 1 10 22 13 31 6 11 24 9 35 39 37 36 5 
7 27 28 15 21 22 26 36 37 29 38 33 1 23 35 34 18 8 40 11 9 32 24 19 2 30 13 17 4 10 12 31 14 25 16 6 3 39 20 
2 26 23 4 20 19 10 40 17 13 24 39 27 3 32 7 28 36 15 33 16 12 30 35 14 31 18 21 38 5 25 9 11 29 8 34 1 22 37 
11 16 3 2 4 26 36 1 8 25 15 5 39 21 38 9 40 18 14 24 17 22 34 12 23 27 29 28 35 20 32 31 19 33 30 10 37 13 6 
38 11 17 4 30 2 37 25 6 10 22 18 33 40 3 24 15 1 9 36 7 23 35 20 5 26 34 32 21 16 31 39 28 13 19 27 12 29 14 
40 28 4 30 22 24 26 25 35 23 15 6 21 36 33 8 18 10 19 32 13 38 34 7 5 17 11 1 37 29 12 20 39 3 31 14 27 2 16 
7 18 16 6 9 35 25 1 22 40 2 26 3 27 33 14 30 31 39 12 20 17 23 29 13 28 32 19 4 34 8 15 37 36 38 11 21 24 5 
31 5 7 27 28 23 21 15 9 4 33 40 34 32 39 26 25 38 16 36 8 14 22 37 35 30 24 6 1 13 19 3 17 12 29 10 2 20 18 
16 33 17 11 1 25 32 5 2 36 23 8 30 13 39 18 4 10 3 21 15 19 35 28 24 9 6 31 37 38 40 14 26 29 34 27 20 22 7 
1 36 35 5 39 30 29 32 23 40 7 31 12 17 28 4 11 6 24 38 15 16 19 37 34 33 27 26 3 2 21 25 8 18 20 14 10 22 9 
12 13 10 6 17 5 22 18 30 8 39 11 20 1 25 23 37 29 26 38 19 32 33 3 2 15 40 28 36 27 16 9 31 35 34 24 4 21 7 
7 10 34 16 9 29 27 8 13 21 3 25 4 19 33 5 24 11 14 40 36 2 38 32 28 1 31 26 6 37 30 35 23 18 20 12 39 22 17 
8 21 7 3 38 27 11 19 31 26 40 6 35 2 10 5 36 13 25 33 1 39 37 17 20 32 14 28 15 18 12 29 34 23 9 22 4 24 30 
26 15 16 13 2 8 29 37 12 7 23 35 14 39 9 34 11 19 32 6 22 28 10 40 3 1 24 4 18 31 33 5 25 36 20 21 27 30 38 
16 23 20 21 6 32 12 17 3 30 27 26 28 2 5 10 11 7 9 36 40 38 24 15 4 22 35 33 13 19 31 34 1 37 39 25 14 8 29 
26 31 34 38 9 20 27 33 7 12 32 3 21 16 40 28 35 14 11 22 24 18 29 13 36 17 8 39 30 2 5 37 23 10 25 1 15 6 4 
5 13 9 39 24 15 8 30 23 35 22 6 14 32 18 38 17 40 10 1 12 3 21 4 2 29 34 31 26 28 16 19 36 33 27 25 11 7 37 
20 10 12 1 30 4 38 19 26 37 13 34 33 35 7 32 27 25 11 16 23 3 39 31 29 40 22 9 6 8 36 24 17 28 15 14 18 5 2 
1 40 25 11 37 34 15 33 21 10 17 23 27 5 30 7 31 6 4 19 39 14 8 2 18 3 38 36 20 16 26 12 28 24 35 29 9 13 32 
4 35 7 24 5 20 14 3 8 29 37 26 2 28 22 21 33 38 17 10 13 1 9 31 11 40 12 34 6 18 39 25 16 15 30 27 32 19 36 
2 34 23 12 32 15 29 36 31 28 30 17 10 8 3 33 40 19 14 1 11 35 7 6 37 13 25 20 9 21 26 38 22 27 16 5 39 4 18 
38 40 22 14 10 31 2 19 27 5 3 36 12 21 34 17 33 4 24 29 6 1 23 18 7 15 13 16 32 20 39 9 28 37 8 35 30 11 26 
4 21 30 11 39 33 3 19 16 9 20 38 8 14 13 31 36 40 1 29 10 7 35 32 6 28 25 23 34 17 12 15 22 27 2 37 24 18 5 
10 18 32 37 15 22 13 23 4 21 7 25 20 19 6 12 34 39 17 24 3 1 40 38 31 29 35 26 11 33 16 8 9 30 2 14 36 5 28 
25 20 2 9 38 35 36 33 8 39 30 13 26 10 18 27 23 11 6 14 40 29 21 3 16 12 5 19 17 4 15 22 24 1 31 34 32 7 37 
27 8 5 4 26 23 35 9 14 15 40 19 36 31 24 37 1 3 21 13 22 12 28 38 20 18 34 2 16 7 10 33 25 30 17 11 6 32 39 
16 29 3 31 17 36 34 13 28 7 14 19 40 6 24 2 1 18 11 15 20 26 8 10 9 27 4 32 37 23 39 21 33 38 22 5 12 35 25 
18 3 5 38 19 27 11 4 10 33 39 28 25 32 29 22 14 34 12 36 16 8 23 30 24 6 35 9 21 17 13 7 2 15 20 37 1 40 26 
27 40 34 24 23 25 7 20 38 36 9 2 33 10 28 17 5 3 14 30 26 35 31 21 8 19 15 18 29 22 16 4 39 1 12 11 13 37 6 
37 14 29 21 7 28 15 24 30 31 6 26 25 23 19 4 40 20 38 22 12 8 35 13 5 39 2 9 11 1 18 27 36 17 34 3 16 10 32 
2 17 3 38 32 8 21 25 19 29 26 15 4 24 6 16 12 31 37 5 27 13 22 18 10 1 9 28 14 20 36 23 39 35 30 33 40 11 7 
37 24 12 32 36 25 38 26 39 31 16 17 9 22 18 27 40 6 15 10 13 30 1 14 3 29 34 8 19 5 7 11 21 4 23 20 2 28 33 
9 31 34 27 21 33 18 22 12 17 23 14 13 19 28 5 35 6 11 1 38 26 2 8 15 3 30 37 20 4 25 16 7 40 29 24 32 10 39 
23 21 4 33 5 6 38 18 36 15 12 11 32 31 2 10 34 28 19 30 20 40 3 8 26 14 25 13 7 1 24 39 35 17 22 29 16 27 9 
27 14 11 40 21 35 9 22 13 30 24 39 37 34 25 3 6 29 18 33 36 16 2 20 7 17 15 31 4 1 26 32 19 10 28 5 12 8 23 
10 22 29 1 2 4 28 36 24 32 37 15 30 31 11 23 18 12 38 9 34 7 17 33 35 19 21 16 6 5 14 27 8 20 25 26 3 40 13 
22 30 36 14 38 25 34 18 33 23 9 4 24 28 19 17 11 5 20 1 16 39 29 21 35 10 15 31 3 26 13 7 37 32 27 8 6 2 12 
