50
43 26 9 50 49 47 44 21 16 3 6 48 27 20 28 19 24 12 46 4 25 29 31 30 2 35 22 17 7 36 11 42 5 14 40 38 34 32 10 15 18 13 33 45 23 8 37 39 41 
23 44 48 3 27 14 6 35 15 8 22 13 28 21 36 34 41 38 24 45 26 17 32 9 30 40 42 19 50 33 29 39 20 18 1 37 43 49 46 11 4 25 7 16 10 5 47 12 31 
45 46 1 24 15 20 42 12 33 50 2 48 35 47 16 13 21 5 30 17 18 49 19 37 7 31 11 10 38 26 23 36 41 44 27 28 9 43 4 40 29 8 34 39 14 6 25 32 22 
31 34 15 8 39 38 26 5 40 25 24 19 37 17 29 21 11 16 50 33 42 47 2 45 43 46 49 36 20 7 3 1 13 12 30 9 6 22 18 32 27 41 44 23 48 14 28 10 35 
9 47 16 48 22 40 24 30 41 37 27 23 6 31 28 2 20 39 45 15 17 49 35 14 13 10 18 7 34 11 43 4 12 25 33 8 26 1 32 3 44 42 38 29 50 21 36 19 46 
24 21 26 22 5 30 15 43 45 18 19 31 28 33 46 1 3 14 13 37 16 39 44 12 2 34 40 47 36 29 20 49 25 10 42 17 7 48 4 38 9 41 35 32 11 27 8 50 23 
33 5 11 4 44 42 25 20 47 41 29 43 27 45 32 19 40 10 34 15 22 12 18 38 26 9 14 24 31 8 39 1 35 17 50 36 3 2 16 21 37 30 46 48 13 23 28 49 6 
14 45 17 43 22 16 23 15 36 5 28 26 42 31 3 30 2 1 37 19 48 21 18 32 6 39 40 47 10 50 24 11 46 27 13 9 29 20 34 49 38 12 7 33 41 44 35 25 4 
49 41 36 29 30 7 45 38 40 44 22 2 21 18 33 5 32 4 10 11 39 43 13 16 1 50 27 35 15 19 14 23 12 24 6 25 3 48 26 42 31 37 46 28 47 20 34 8 17 
13 7 37 2 1 28 15 39 11 43 20 30 32 25 6 3 38 14 23 17 22 41 8 40 12 5 21 16 50 29 42 46 44 18 48 19 45 33 31 27 26 35 47 4 36 34 9 24 49 
46 39 43 3 36 38 35 31 24 49 22 29 48 10 21 50 20 47 8 41 25 34 23 18 9 6 32 40 4 17 45 37 27 44 12 28 2 42 15 19 30 13 7 33 16 5 1 14 26 
29 19 47 16 41 33 36 10 39 9 30 49 28 23 3 21 22 1 31 17 2 40 38 50 42 35 6 14 46 37 44 32 45 25 26 18 48 4 5 34 24 11 27 13 8 43 20 7 15 
34 7 29 2 1 37 27 20 47 28 36 32 16 4 48 15 19 26 49 40 35 21 23 33 46 8 18 9 17 38 24 41 30 39 12 43 10 44 45 22 6 3 14 11 25 42 5 50 31 
47 27 45 8 16 24 44 22 36 33 23 37 31 6 41 9 5 34 30 25 2 50 38 46 3 1 49 28 40 20 15 42 11 48 19 13 32 17 12 21 10 29 43 35 4 26 39 18 7 
10 12 35 2 25 31 50 27 22 30 39 16 36 47 32 43 24 1 34 26 23 3 13 6 49 18 38 7 42 5 11 28 19 17 4 8 14 20 46 29 40 21 48 44 41 33 9 45 37 
20 17 31 36 38 39 49 46 28 12 4 47 37 22 27 35 9 15 44 1 21 18 11 5 30 40 45 8 25 23 6 3 14 2 29 43 7 41 50 26 33 24 32 34 10 19 13 42 48 
36 5 25 14 9 38 32 24 30 26 33 27 11 2 43 50 3 8 16 47 10 35 6 15 40 46 42 4 13 23 21 29 44 31 48 28 39 18 19 49 41 34 1 45 22 20 7 37 12 
32 42 14 15 11 39 43 3 6 45 24 33 47 50 12 4 9 5 38 7 48 26 19 13 10 8 36 2 49 29 41 37 27 1 22 30 21 35 23 44 40 25 17 46 16 28 34 31 20 
13 49 24 14 29 32 10 2 9 8 38 16 11 47 3 28 15 12 4 41 26 27 6 45 34 5 25 36 39 1 31 35 18 21 33 7 22 48 44 30 50 46 37 43 23 20 17 40 42 
46 5 43 41 22 30 23 28 12 40 48 37 38 36 18 25 7 39 32 3 21 13 35 14 15 49 42 27 44 17 45 47 10 1 34 9 2 19 26 50 24 33 6 4 16 31 29 8 11 
31 20 14 49 41 38 24 22 5 9 29 39 36 3 37 47 46 30 11 48 33 44 26 45 2 35 34 50 43 4 18 23 42 19 1 17 13 6 16 27 28 15 25 32 8 40 10 12 7 
24 1 9 41 14 3 32 31 34 10 6 17 26 39 12 30 23 4 33 15 7 11 38 5 35 40 20 29 43 13 2 49 48 37 8 27 44 18 25 19 47 45 36 46 16 28 50 42 21 
29 19 10 32 31 41 38 17 40 2 21 48 46 47 50 20 42 24 37 18 13 4 30 25 43 3 7 11 16 12 45 6 39 22 5 15 28 8 1 44 35 27 49 34 33 26 14 36 9 
34 8 21 11 4 16 42 47 2 35 1 45 44 40 9 46 37 48 3 31 30 29 19 14 12 49 6 23 17 26 27 39 13 5 7 22 43 33 18 28 38 15 32 50 20 36 41 25 10 
23 5 17 48 14 21 4 2 28 16 34 11 15 6 12 33 43 7 46 26 24 50 49 36 19 39 41 13 47 8 9 32 42 38 27 10 3 31 29 20 37 35 30 1 44 18 22 40 45 
30 3 47 6 12 32 46 1 20 22 36 24 7 44 13 17 37 40 2 35 14 23 5 11 19 31 42 8 41 33 28 10 18 49 4 25 48 27 34 43 15 38 16 21 45 29 39 50 9 
35 50 17 36 29 23 2 44 9 6 14 19 33 11 12 30 32 13 5 16 18 49 24 20 8 28 45 43 21 25 41 38 47 42 15 3 22 39 26 46 7 37 31 34 1 4 10 40 48 
49 38 41 35 46 30 22 47 3 5 23 39 20 12 8 42 2 25 48 11 45 21 18 50 7 16 44 34 29 1 4 36 14 17 33 6 10 43 15 32 24 31 40 26 37 9 13 19 27 
18 42 34 50 40 20 13 44 10 48 11 31 12 17 9 6 19 28 49 33 7 32 27 5 36 35 8 15 30 22 16 1 14 39 26 41 4 47 43 46 21 24 38 45 25 23 2 37 3 
29 12 33 40 37 41 16 22 43 44 9 2 8 13 18 34 50 6 26 42 36 39 19 24 47 23 45 31 15 46 35 3 10 27 28 32 17 21 20 38 49 25 4 5 14 1 11 7 48 
1 48 2 23 7 26 38 50 37 35 18 5 33 36 42 28 12 17 39 6 43 44 19 46 8 24 9 3 30 25 34 14 40 22 11 10 41 4 29 32 49 27 16 13 15 21 45 20 47 
43 19 48 33 40 4 21 47 46 49 14 8 31 37 45 2 22 42 10 50 25 28 7 11 35 24 9 36 27 44 12 6 30 26 39 5 13 23 38 1 34 15 3 20 41 29 18 17 16 
3 21 30 34 45 9 7 1 22 11 44 43 2 16 25 37 46 19 40 14 48 24 4 27 41 35 32 10 5 20 13 31 42 12 28 38 17 26 29 6 23 49 39 18 8 50 36 47 15 
26 44 16 14 46 32 12 50 37 31 33 3 43 17 24 7 39 40 36 18 38 27 13 28 21 25 29 23 49 9 19 6 8 48 5 4 22 15 35 20 41 47 10 11 2 45 42 30 1 
24 15 14 29 16 36 32 1 47 10 49 37 20 8 26 22 4 2 5 17 31 9 11 12 41 6 34 3 7 50 39 38 40 48 25 42 33 46 21 13 19 44 28 18 23 30 45 43 27 
40 50 5 21 41 27 14 33 11 2 47 20 38 39 32 16 30 44 3 13 9 26 37 24 29 8 28 7 22 12 42 43 34 6 19 15 10 35 4 46 23 17 48 25 31 1 49 18 45 
50 32 13 41 17 49 5 45 7 40 26 8 21 19 48 39 18 20 33 6 36 3 4 2 16 38 31 22 30 15 12 28 27 24 44 35 42 43 46 25 47 9 23 11 1 29 14 34 10 
29 1 28 46 44 36 42 12 45 31 16 32 22 13 33 30 50 9 10 15 11 41 25 8 3 47 24 4 26 49 17 18 35 48 39 14 7 23 20 19 37 5 40 2 27 43 21 6 34 
43 14 9 6 18 23 13 35 10 33 5 24 8 41 28 22 31 1 25 34 40 37 15 26 21 46 47 11 7 17 27 2 42 44 20 32 3 38 12 49 4 45 36 30 16 19 50 29 48 
4 43 5 24 29 45 7 33 15 26 28 22 21 30 1 6 19 8 10 48 46 17 41 44 39 35 50 42 20 9 36 37 2 12 18 27 31 47 34 14 3 23 25 16 13 49 32 11 38 
50 37 3 31 8 21 7 11 24 26 18 17 5 15 20 2 47 10 14 45 49 16 40 6 25 34 44 39 12 13 29 1 27 42 35 22 30 9 23 19 33 46 43 48 32 38 36 4 28 
34 32 5 7 29 39 20 10 16 28 41 27 24 19 44 45 26 40 17 48 13 46 43 38 21 9 31 12 15 50 22 8 36 47 14 6 4 23 37 30 3 35 2 49 11 33 18 1 25 
50 31 10 3 15 44 5 1 36 22 26 39 14 32 16 46 33 19 28 24 11 34 6 18 48 41 27 42 38 47 35 37 40 13 2 21 12 7 17 49 9 4 20 8 30 45 23 25 29 
43 22 10 50 26 24 34 31 5 27 28 32 36 11 37 30 18 40 2 17 42 49 9 8 19 23 21 48 45 6 41 14 46 1 35 38 29 16 47 7 33 13 4 25 20 15 3 12 39 
38 18 32 48 20 41 36 46 42 13 43 8 39 21 5 29 31 34 7 23 28 2 24 22 37 11 4 47 1 25 27 17 6 33 15 30 10 40 49 16 12 9 50 14 44 26 35 19 3 
24 29 45 18 39 25 26 10 31 38 9 50 35 14 4 19 44 12 15 47 21 32 17 11 48 22 34 3 33 2 36 28 42 30 16 27 7 23 5 6 8 37 40 1 43 49 41 20 13 
48 7 12 30 24 20 45 21 40 46 1 15 25 44 32 23 8 2 27 19 39 6 37 34 33 9 28 13 17 10 31 14 26 38 42 36 18 49 4 43 3 41 35 16 50 29 11 22 5 
33 47 1 44 41 28 14 49 18 23 15 20 31 30 40 50 21 27 10 22 29 25 7 24 38 46 12 32 8 6 35 43 37 5 11 16 45 19 9 39 17 13 36 3 42 26 4 2 34 
9 29 41 16 27 34 17 36 12 11 13 24 14 7 30 48 19 10 33 25 23 3 39 45 35 1 28 26 18 22 4 21 20 38 47 42 43 37 32 8 31 5 2 15 50 46 6 44 40 
47 8 49 36 15 4 22 18 21 1 12 10 31 35 28 7 34 32 26 20 45 2 16 43 6 11 5 42 41 24 37 29 39 30 46 38 9 48 14 40 33 27 19 17 3 44 23 25 13 
