90
45 77 10 74 23 8 56 3 65 73 19 72 52 12 59 82 26 64 9 49 2 86 63 39 21 41 80 68 25 84 20 78 5 89 69 61 71 79 85 22 7 34 53 55 70 24 48 36 46 57 27 16 11 76 47 75 33 40 14 38 13 29 51 83 15 4 60 66 17 67 43 35 42 30 31 28 18 87 88 54 62 37 58 90 81 6 44 50 32 
87 3 60 83 49 43 36 40 38 72 73 84 6 28 13 76 65 34 66 7 26 88 75 50 19 63 81 78 24 58 59 18 20 47 51 62 27 9 80 25 15 67 70 22 10 41 54 68 56 32 86 74 77 55 52 90 33 46 69 42 64 8 53 71 82 61 11 4 39 16 5 1 23 14 29 37 31 89 21 44 17 30 79 35 85 57 48 45 12 
88 52 24 63 85 77 90 53 84 1 17 29 57 72 41 82 36 10 30 42 73 76 58 16 7 27 43 54 87 15 56 69 48 86 35 47 75 11 79 18 80 68 12 19 2 9 83 66 89 25 51 5 46 62 34 39 55 26 32 4 61 23 13 8 67 44 20 74 49 65 14 22 70 31 37 64 71 21 38 45 50 59 81 6 28 60 33 78 40 
43 86 77 35 65 73 44 23 69 38 54 75 70 13 8 63 80 89 15 71 29 26 27 51 39 50 6 22 79 57 7 60 53 82 64 2 55 78 5 28 67 11 47 30 18 17 34 10 21 40 74 52 58 66 42 24 37 16 31 9 88 85 84 32 83 76 61 1 41 45 68 56 20 81 36 33 59 14 48 46 25 3 62 90 19 12 87 49 72 
78 54 35 1 56 68 84 64 73 69 9 15 14 60 88 87 55 20 85 44 45 77 65 2 43 83 49 4 75 57 46 66 71 30 34 18 17 74 82 23 80 3 38 39 41 53 48 86 79 37 72 27 62 63 24 70 32 50 59 52 90 67 61 58 21 25 47 40 13 7 12 36 31 33 22 76 10 51 29 16 26 6 42 28 11 8 89 81 19 
17 72 9 32 80 36 74 85 19 81 34 53 52 87 48 8 46 89 71 15 11 22 26 88 79 90 3 54 43 56 51 38 55 63 16 58 77 69 42 47 65 33 59 75 39 18 1 21 27 66 24 13 25 61 76 2 30 10 7 23 67 60 37 78 57 41 45 64 82 31 28 35 86 14 12 62 40 49 5 20 29 44 50 68 84 70 4 83 73 
14 56 74 38 19 22 16 59 18 3 64 6 81 53 83 85 26 32 45 31 79 88 27 13 40 20 11 86 8 41 33 37 2 67 76 63 72 23 90 62 54 78 43 55 24 80 70 12 30 50 65 84 73 1 15 36 77 58 66 69 49 48 75 25 21 17 71 47 44 10 42 34 52 35 29 9 51 28 87 89 82 46 68 61 4 39 5 60 57 
61 64 14 80 56 51 36 74 59 34 71 24 69 81 79 53 16 33 18 76 23 41 77 72 25 32 45 57 9 7 52 87 63 13 38 37 43 12 48 2 42 68 54 50 30 21 65 27 60 86 26 78 19 39 22 73 35 6 44 67 75 29 85 46 1 58 5 4 62 20 83 15 84 31 82 28 10 89 47 66 49 11 17 70 88 55 90 40 3 
52 27 13 6 65 49 55 21 19 79 12 40 51 70 42 32 72 22 89 50 47 90 37 35 14 44 16 85 78 53 71 74 45 33 25 46 20 69 77 10 7 41 18 5 64 1 36 60 48 34 58 67 2 73 83 26 4 81 15 30 84 8 3 87 82 56 86 59 23 88 66 61 76 75 11 38 31 39 43 24 28 54 62 17 80 68 63 57 29 
36 76 34 89 64 51 7 70 37 33 79 1 12 29 39 63 62 44 67 28 59 54 15 74 22 40 52 57 18 19 81 86 14 3 17 65 30 73 78 48 84 26 75 66 32 58 4 85 45 53 69 88 6 43 60 8 50 83 38 72 80 47 13 55 11 35 87 9 49 56 2 23 90 68 25 42 5 77 71 46 61 16 27 24 21 82 31 41 20 
79 20 87 63 46 39 52 29 65 54 6 45 70 34 23 31 1 15 7 18 22 30 86 26 78 3 48 47 68 66 5 80 16 27 38 10 32 25 89 59 19 28 64 72 84 71 75 76 67 24 77 40 55 69 58 43 53 36 4 50 35 2 14 74 37 12 13 90 42 33 82 61 51 44 17 85 21 9 49 41 88 56 83 57 73 60 8 62 81 
36 26 86 45 22 54 37 73 32 64 41 57 80 47 74 38 27 33 31 25 9 61 56 62 4 42 68 13 46 10 76 40 43 90 1 53 59 75 39 5 85 2 79 72 19 50 15 70 35 24 81 63 17 3 49 60 51 58 30 65 18 55 83 84 52 88 20 67 6 48 34 11 78 77 23 69 29 16 7 87 89 82 28 66 21 8 14 71 44 
14 45 84 74 10 12 61 31 34 63 9 83 23 46 6 82 53 4 70 44 39 27 33 11 62 41 54 56 15 43 78 58 32 2 68 71 25 59 77 28 35 51 26 20 57 55 30 72 65 38 8 80 75 69 89 48 29 66 76 40 24 16 18 47 17 67 87 86 73 42 3 79 52 88 22 7 64 21 5 37 81 60 50 36 19 90 1 49 85 
7 34 28 46 86 68 67 74 61 11 18 24 82 45 77 80 44 70 52 81 47 83 48 59 3 26 72 33 36 10 79 73 21 89 4 20 30 29 2 85 31 27 62 32 53 64 42 60 5 41 66 50 90 8 76 6 12 37 87 56 23 51 78 19 63 69 57 58 84 22 40 71 55 17 75 35 9 15 13 38 1 88 43 25 65 49 54 16 39 
86 52 80 7 82 38 8 23 68 78 79 61 14 34 45 70 51 58 41 46 2 85 55 20 89 11 36 3 72 24 62 81 74 49 73 48 19 12 63 35 16 5 50 87 32 90 17 71 33 13 88 40 26 69 84 22 43 39 56 4 28 60 1 77 57 54 83 30 42 59 27 18 66 53 64 29 10 37 47 44 65 6 9 31 76 25 75 67 21 
45 22 17 80 61 72 69 26 56 32 39 49 73 5 84 29 47 36 27 6 15 40 55 50 4 77 1 7 88 31 65 38 64 78 75 42 62 59 2 24 12 52 85 63 60 41 8 28 21 35 30 81 18 74 54 83 9 79 23 58 10 48 20 86 11 76 70 44 82 37 89 3 43 57 66 25 33 68 67 90 14 46 87 51 71 13 19 34 53 
41 71 15 22 38 77 35 27 86 14 69 73 47 67 51 80 87 65 70 46 39 16 44 40 18 52 33 11 12 58 24 37 21 90 30 26 36 20 81 3 5 79 13 83 85 4 6 59 19 75 64 10 61 60 1 8 32 42 31 45 89 62 49 84 82 25 34 43 74 56 9 68 66 78 53 48 28 7 54 50 63 72 57 76 23 29 55 88 2 
48 79 31 16 82 23 72 75 20 6 59 65 56 49 62 9 7 88 13 42 29 3 46 40 67 50 55 28 19 8 1 27 61 37 33 77 34 57 68 30 78 84 38 70 74 32 51 86 11 83 22 58 21 69 43 81 35 54 24 45 89 60 52 44 63 64 87 39 17 66 85 26 53 5 90 47 41 10 76 4 73 15 12 36 80 14 2 71 25 
72 74 66 31 43 1 12 55 62 65 82 77 40 14 51 38 32 47 89 58 84 49 2 16 34 59 86 76 3 36 73 80 26 67 30 87 23 29 50 56 22 88 63 83 85 44 6 69 24 15 17 57 4 35 90 61 70 9 53 64 71 37 8 68 48 41 27 45 46 10 11 79 25 39 28 60 81 20 52 5 18 75 33 54 7 42 21 13 78 
6 14 65 79 16 62 33 8 30 49 1 3 24 73 9 59 81 57 32 11 37 29 56 19 76 80 39 13 64 28 45 18 84 27 36 85 10 40 44 89 25 41 7 66 22 52 83 35 48 82 58 63 23 43 69 60 75 12 86 72 53 46 47 71 31 68 21 70 54 88 74 87 34 50 42 26 77 61 38 51 78 2 55 90 67 17 15 5 4 
13 2 20 47 67 17 44 36 43 14 70 64 15 56 40 6 18 29 12 90 25 42 87 69 59 73 46 51 26 82 83 9 4 32 10 76 75 22 27 77 80 48 79 37 85 28 72 8 88 5 30 16 68 84 63 41 3 65 81 57 11 52 1 55 53 38 49 54 86 31 62 89 7 60 50 71 39 23 58 19 61 24 74 34 33 78 35 66 45 
2 51 25 66 82 16 14 54 63 37 50 43 33 74 49 42 87 64 84 4 55 23 34 8 61 7 76 79 35 47 20 36 80 18 56 70 69 5 68 53 57 28 45 90 11 17 19 41 65 9 38 6 71 27 30 1 58 86 32 59 77 13 48 72 24 46 75 12 21 88 67 60 52 10 26 85 81 29 15 78 44 83 3 73 31 89 62 40 39 
63 76 36 86 54 53 49 78 70 64 55 62 58 85 27 68 88 24 34 46 6 81 7 29 42 41 89 21 15 82 25 75 13 31 90 44 16 72 30 28 11 14 83 57 1 59 35 8 10 32 12 84 60 5 40 48 67 26 47 65 87 17 20 56 51 39 79 71 4 45 66 18 80 19 61 77 33 74 2 38 69 73 50 37 3 52 9 43 22 
90 84 7 11 3 44 34 30 53 43 83 6 63 70 77 33 38 73 52 41 80 29 47 54 36 14 61 59 4 37 71 18 82 79 56 13 67 60 40 12 74 65 1 49 48 10 21 78 27 9 85 5 39 69 8 50 32 2 31 15 45 35 51 75 81 42 57 88 86 66 68 25 22 28 87 26 23 58 46 55 62 19 64 72 89 16 20 76 17 
27 36 78 33 9 15 17 64 52 31 89 35 40 19 69 38 50 5 68 81 86 20 34 51 46 44 72 83 84 85 49 74 65 53 55 12 32 29 39 16 61 56 3 37 43 4 54 14 7 67 80 58 76 13 41 75 42 1 90 24 48 30 6 71 22 21 60 66 88 28 26 63 57 73 70 18 82 23 79 47 10 59 8 2 77 62 45 11 87 
59 49 64 10 70 51 22 79 3 13 6 23 27 62 61 78 57 20 53 74 18 40 14 66 38 90 16 25 56 82 32 48 75 33 2 8 12 58 34 73 65 80 87 44 19 89 35 37 81 72 55 29 17 71 60 11 85 43 5 63 47 36 39 84 9 46 54 83 50 21 41 31 67 30 4 69 7 15 77 1 76 68 28 42 45 52 88 86 24 
8 87 84 33 3 4 13 35 53 16 19 10 43 22 31 59 72 51 90 82 11 41 1 12 54 60 81 6 42 56 23 17 86 49 24 63 67 38 30 88 77 89 79 71 28 69 32 65 47 34 2 57 7 58 36 68 55 76 45 62 26 44 80 21 20 61 48 39 46 85 5 83 40 78 15 66 50 37 9 70 29 74 73 18 52 25 75 64 14 
40 54 51 37 26 79 67 77 41 74 57 13 14 85 17 52 1 64 43 39 5 35 71 59 19 70 66 27 29 47 30 53 15 69 16 20 22 8 49 36 11 90 65 81 34 63 86 82 7 58 48 32 25 18 3 76 23 84 4 89 88 24 45 9 38 2 33 44 73 6 21 12 46 31 72 78 87 56 62 42 55 68 61 10 75 83 80 50 60 
73 75 53 39 6 14 34 10 45 42 84 79 35 24 80 13 16 41 65 47 89 54 23 37 55 60 1 19 86 69 38 4 17 43 18 12 52 28 40 64 81 27 59 11 74 76 3 2 77 9 82 88 51 67 90 56 22 48 46 72 15 62 33 83 87 20 21 70 68 49 7 66 71 63 85 26 32 50 44 25 36 8 31 61 30 78 5 57 58 
7 84 73 20 54 17 6 1 85 35 15 82 5 66 63 23 10 16 71 77 83 8 86 42 78 68 90 28 58 39 72 46 3 2 61 59 26 21 29 76 88 11 51 75 14 22 24 52 38 32 89 53 34 57 47 40 60 81 25 87 74 33 27 31 37 80 12 55 13 4 9 44 48 79 64 69 62 70 41 43 18 49 50 45 67 65 56 19 36 
84 77 68 25 13 81 59 32 18 67 44 71 62 52 60 56 64 3 38 23 12 89 63 21 80 41 87 61 76 90 55 15 85 14 40 70 8 53 50 86 54 65 11 79 36 29 28 58 37 20 74 30 57 49 83 16 72 73 48 51 75 9 69 82 47 33 10 1 5 46 27 24 42 22 78 34 19 66 7 2 39 4 88 6 17 35 45 43 26 
12 47 81 45 74 40 71 27 80 1 21 61 59 72 9 60 56 16 84 19 83 2 18 24 75 29 64 65 26 10 33 8 70 76 15 89 73 62 63 37 52 48 85 23 6 13 5 77 86 50 14 53 28 78 42 43 31 90 66 7 35 4 11 54 69 82 34 22 49 58 3 17 46 39 68 41 55 88 67 44 36 57 30 51 25 79 20 38 87 
24 49 90 15 10 71 7 48 12 63 54 68 58 9 60 13 14 45 55 77 85 88 89 86 18 69 37 76 56 20 36 82 1 47 34 32 70 84 61 19 6 57 3 30 73 78 87 59 41 39 22 80 79 5 81 66 29 67 44 35 52 26 74 31 83 2 53 17 23 51 43 11 64 21 27 42 16 25 46 4 62 50 72 65 38 40 8 75 28 
6 84 23 41 33 65 89 83 39 21 16 14 70 57 69 17 7 52 36 4 44 42 1 80 37 20 56 58 62 12 9 30 50 10 79 81 78 60 11 75 66 86 25 73 22 54 35 49 85 48 64 63 8 31 19 68 61 29 51 90 28 24 43 15 46 82 13 3 38 27 2 5 87 53 76 59 88 47 45 72 71 74 40 26 32 77 55 67 18 
61 62 43 29 63 40 80 23 5 72 34 82 84 8 50 79 73 48 17 4 66 39 41 3 55 60 22 9 36 37 7 38 78 30 64 15 16 88 1 76 52 42 12 19 65 13 51 87 83 49 57 67 90 18 11 89 86 77 53 45 44 70 74 56 31 81 68 54 2 85 75 71 69 46 32 24 47 10 28 27 25 58 59 14 6 21 26 33 20 
84 58 35 17 67 41 16 79 40 22 71 13 57 18 6 8 5 53 50 20 48 66 10 51 60 7 46 47 31 39 83 56 29 23 80 85 86 59 54 74 68 64 89 90 14 61 42 69 32 33 12 62 77 2 45 52 26 49 82 75 44 72 27 1 34 81 28 25 55 11 15 73 24 19 87 70 30 9 37 65 3 38 43 63 76 4 21 78 88 
23 80 19 38 59 51 49 22 70 47 40 9 25 66 86 74 44 84 42 6 45 89 2 62 4 54 15 56 60 1 75 34 71 28 64 48 61 52 53 82 88 83 32 85 27 7 78 43 21 29 50 81 24 10 5 69 79 8 13 33 18 41 3 20 11 72 55 39 90 30 87 14 57 65 73 77 35 17 58 67 26 68 76 31 16 46 36 12 63 
58 30 49 63 88 20 40 23 86 8 85 26 43 77 71 1 21 16 5 81 56 12 24 74 34 25 67 59 17 90 72 64 73 32 76 78 50 7 51 36 80 9 2 31 66 35 41 68 28 83 47 52 65 45 75 13 57 18 60 22 55 37 10 27 3 33 62 11 84 14 29 15 48 46 44 87 4 69 82 19 89 70 42 39 54 79 53 6 61 
30 25 16 74 22 54 62 66 46 57 3 33 18 69 82 12 53 55 83 14 43 32 85 5 65 37 64 47 49 40 59 13 19 48 21 80 68 75 29 9 24 84 79 89 4 71 77 35 63 73 51 88 26 52 1 70 67 58 36 28 76 8 56 2 61 44 17 86 7 50 20 11 60 45 42 72 78 90 23 10 81 87 41 38 6 15 31 27 34 
50 66 31 44 45 30 70 86 85 54 65 76 1 14 22 57 58 17 23 81 9 53 75 29 43 25 7 49 15 32 10 36 72 79 59 42 52 80 51 27 83 77 4 84 8 11 39 6 87 26 62 64 71 73 16 3 88 28 35 60 61 2 55 82 21 18 38 48 78 20 34 5 47 46 37 33 19 67 12 90 13 69 56 63 41 74 89 24 68 
84 15 63 40 74 18 29 16 27 78 10 56 77 60 25 8 13 33 20 53 5 51 67 44 65 39 73 79 61 89 70 68 47 11 80 12 4 34 86 46 76 38 42 90 72 36 82 23 75 6 26 37 83 24 69 35 57 31 49 88 45 54 1 2 30 43 66 14 50 17 22 21 64 9 59 28 62 32 58 85 3 7 19 48 87 81 52 71 55 
26 61 80 5 27 30 38 78 77 49 15 47 66 34 79 63 57 68 76 36 6 70 72 32 17 9 1 19 10 58 12 3 13 73 21 4 43 84 65 35 22 85 40 16 18 67 52 81 39 59 8 14 23 20 48 28 24 33 82 90 44 25 60 88 11 41 64 7 54 29 45 2 53 89 74 62 86 87 71 56 69 55 75 46 51 31 83 37 50 
36 52 82 88 26 39 17 13 56 31 75 19 29 14 90 41 47 63 38 67 74 65 16 25 62 7 89 71 84 12 73 49 1 69 35 45 54 10 48 23 86 87 40 66 42 72 81 3 79 64 9 20 22 60 68 32 61 46 78 59 55 21 83 15 6 18 28 5 34 24 51 37 58 2 57 80 8 11 50 44 77 70 85 76 53 30 4 27 33 
14 67 53 49 12 56 73 58 43 7 20 82 13 38 79 86 40 65 17 21 3 75 68 51 84 11 33 27 89 88 24 32 77 45 31 54 39 69 8 1 61 78 18 81 5 70 6 80 26 62 90 46 30 42 71 85 74 50 37 76 10 87 64 63 72 4 83 19 16 25 9 60 36 41 23 34 28 48 35 22 57 59 47 55 2 29 52 15 66 
74 73 18 36 70 83 81 72 48 52 19 50 37 47 62 63 61 60 28 53 21 23 64 33 71 39 46 11 87 17 56 79 13 32 12 44 54 1 6 16 29 27 10 76 15 77 4 41 20 49 58 3 2 82 14 59 35 38 8 80 42 86 30 34 40 24 89 43 9 66 57 51 78 5 69 85 75 7 25 67 88 26 31 90 22 68 65 55 84 
60 39 69 57 10 85 80 68 55 31 42 87 64 86 37 50 90 20 81 25 7 73 70 82 8 47 28 74 9 76 79 52 63 35 2 12 44 26 29 5 1 84 19 54 45 34 67 13 89 65 22 75 53 56 21 58 62 61 16 6 3 40 77 66 24 38 15 4 18 83 33 41 72 59 14 43 48 11 23 51 17 30 88 78 27 49 32 36 71 
71 24 50 53 36 39 33 56 58 69 7 76 88 55 14 74 44 61 32 29 52 3 78 54 30 89 8 20 6 51 15 34 84 13 27 64 48 77 12 82 2 45 68 35 38 41 83 1 40 18 81 66 23 26 16 10 73 65 4 85 60 5 67 31 70 37 59 46 43 63 87 22 21 9 25 11 19 57 49 80 72 90 75 86 17 62 28 42 79 
25 38 46 22 63 27 24 2 90 87 53 57 8 11 51 41 35 15 82 9 72 29 67 31 23 37 85 54 60 19 40 52 12 44 45 42 65 4 68 56 86 47 32 70 77 26 50 3 75 84 14 43 59 66 78 62 64 33 55 20 18 30 58 88 13 36 81 39 80 71 61 74 73 83 28 5 7 34 21 69 79 17 16 10 76 6 49 89 1 
27 81 38 73 5 17 34 36 24 51 46 54 33 30 67 2 72 78 11 70 7 22 28 82 80 15 79 31 64 4 37 39 83 74 42 19 6 59 13 60 21 29 9 75 1 85 88 89 77 65 62 58 3 44 50 84 63 90 55 25 69 87 41 14 76 68 16 8 20 12 57 52 66 47 48 40 32 71 35 26 10 86 56 18 61 53 45 23 43 
26 5 63 33 67 1 15 45 90 78 32 35 31 62 65 85 57 86 22 19 77 3 46 69 55 20 21 43 84 10 28 16 41 36 88 53 12 29 80 40 82 37 71 70 60 30 89 14 47 44 81 34 9 76 87 75 68 51 64 66 59 58 38 52 23 79 49 17 2 24 27 25 72 83 54 4 11 73 8 39 42 74 13 48 56 18 61 6 7 
71 37 10 25 70 61 12 4 81 38 50 3 84 79 88 17 30 11 32 73 60 78 29 18 35 43 56 22 64 14 1 75 31 63 33 21 48 42 5 68 41 65 86 72 87 89 59 15 53 6 82 45 83 58 55 66 54 27 40 76 13 34 52 46 8 19 26 24 16 36 67 23 2 47 85 77 44 28 7 62 57 49 69 39 74 90 80 20 9 
19 76 32 57 33 78 59 47 29 82 64 70 86 11 66 16 49 84 12 58 63 22 51 41 20 62 6 7 34 46 43 3 44 65 55 24 90 88 25 56 69 31 85 87 9 36 60 39 8 53 45 28 81 21 10 26 35 14 5 50 4 15 61 79 17 73 48 89 13 68 27 54 72 67 80 30 71 23 37 18 38 40 75 74 2 1 83 77 42 
39 71 25 48 14 30 9 40 50 24 38 23 51 77 6 17 13 35 61 87 29 70 57 68 55 41 81 72 20 28 46 76 79 66 22 63 75 82 10 60 54 49 11 8 3 26 73 15 58 88 12 27 74 21 31 62 36 44 34 90 85 65 16 19 33 7 80 45 69 64 67 18 42 52 37 32 2 5 59 78 1 89 43 47 84 56 4 83 86 
35 5 72 13 17 79 83 34 56 26 84 81 86 67 41 80 77 3 39 76 27 1 82 69 29 65 46 31 73 12 40 50 33 22 68 47 23 66 64 89 21 70 37 32 15 74 14 25 28 52 78 30 19 2 57 53 20 75 88 60 10 6 87 42 61 16 71 44 9 24 8 51 49 85 36 7 63 4 45 11 58 18 59 90 62 38 43 48 55 
26 86 77 17 68 88 18 82 7 47 56 2 22 36 44 21 71 79 53 9 5 23 74 35 43 11 15 52 13 50 16 37 28 84 51 65 80 64 20 73 31 45 39 19 58 1 59 46 4 69 83 32 63 6 27 72 8 76 49 85 57 87 38 75 81 61 48 42 29 25 3 60 78 41 90 10 33 30 70 12 89 14 40 66 34 54 62 24 67 
58 46 10 18 12 67 38 27 64 68 57 42 60 43 34 17 82 73 14 22 78 6 2 70 44 74 86 39 16 1 29 51 69 83 88 54 32 50 36 87 79 35 55 49 53 89 4 66 72 37 84 90 81 9 80 23 26 24 7 19 65 63 40 8 59 48 75 30 33 41 85 11 20 45 13 62 31 52 15 25 28 21 61 5 3 77 47 71 76 
72 79 27 67 26 89 73 44 10 1 58 6 48 28 84 83 36 63 39 74 77 31 30 19 3 52 78 12 29 22 43 64 61 25 24 90 37 8 53 88 50 70 9 62 54 55 71 21 75 5 46 87 59 51 76 33 47 34 80 23 7 13 15 65 42 32 18 60 66 45 69 20 38 16 82 68 17 40 86 56 35 4 85 14 2 11 41 81 49 
84 40 90 5 83 50 72 22 23 48 78 52 45 31 54 35 87 80 44 76 21 36 33 64 9 2 26 56 39 32 74 67 68 27 38 75 14 34 25 19 55 18 49 41 30 85 86 4 62 81 20 47 77 69 1 3 89 71 63 6 57 16 11 79 28 15 60 73 43 17 24 53 59 29 61 66 82 37 10 7 51 12 42 8 88 46 65 70 13 
31 39 11 14 42 2 64 30 56 72 18 1 88 21 79 50 84 68 73 63 13 83 43 20 38 54 69 70 90 66 58 86 55 87 52 82 7 57 35 29 77 10 19 12 75 15 25 5 22 78 49 53 60 65 9 67 61 28 76 81 37 17 33 40 32 3 89 4 62 8 85 24 74 44 51 48 23 41 26 16 45 80 46 6 34 27 47 36 71 
12 41 1 47 64 50 6 53 80 66 65 43 34 82 25 40 70 89 54 36 30 5 8 83 28 46 86 16 15 88 68 2 29 76 45 90 49 85 4 74 10 9 35 27 56 48 32 21 57 71 7 84 3 69 24 13 77 63 87 20 73 38 14 19 22 52 39 11 18 59 75 81 79 72 67 55 23 62 42 44 31 17 58 33 51 78 61 26 37 
77 57 66 65 83 31 45 41 24 85 58 64 55 80 38 69 13 46 40 50 17 89 59 2 27 19 4 6 1 33 52 86 82 20 23 84 5 7 32 71 39 53 68 51 21 42 15 8 30 12 79 49 48 28 87 72 34 37 62 54 70 18 43 75 56 29 9 74 81 44 14 78 76 36 3 10 25 67 90 60 73 88 26 47 16 35 63 22 11 
29 1 8 10 17 2 59 3 35 5 75 7 51 69 32 25 85 19 27 58 57 43 31 30 74 24 6 77 28 65 48 33 52 86 20 80 42 4 13 23 61 49 76 70 73 37 87 56 26 39 83 64 88 21 50 66 81 18 53 34 47 46 79 14 71 89 63 78 41 68 72 82 40 38 9 36 54 22 15 12 84 16 44 60 90 67 11 45 55 
20 40 6 62 60 42 69 36 21 70 30 86 44 38 41 64 17 2 15 5 90 67 52 3 29 84 50 34 19 26 1 53 66 59 10 16 22 89 37 75 47 23 80 35 8 77 13 9 76 14 31 4 45 74 88 46 39 56 11 32 55 54 78 87 81 18 83 85 72 65 49 33 7 58 24 25 48 82 61 43 79 51 12 57 27 28 71 68 73 
65 44 68 13 57 6 59 81 23 88 10 62 67 21 14 27 74 76 69 49 38 89 34 8 22 7 29 25 17 30 47 58 42 3 33 15 73 83 26 78 71 54 28 24 79 53 84 90 46 48 4 63 20 1 51 77 60 31 72 2 87 85 43 56 11 75 36 35 80 82 18 50 32 39 40 12 37 45 9 66 41 16 86 19 55 61 70 5 52 
2 54 89 5 19 9 68 18 7 69 66 72 90 78 77 75 24 12 45 14 70 88 73 20 50 28 87 31 37 10 46 81 27 79 59 6 1 36 47 39 60 86 4 22 80 40 30 82 3 23 38 51 53 67 83 16 34 71 74 58 55 17 8 64 61 44 15 32 49 35 84 63 56 52 62 25 13 29 57 33 76 43 41 26 85 11 48 42 21 
53 10 83 71 43 22 2 13 77 6 5 11 63 36 25 31 15 19 21 47 8 27 69 34 49 46 9 51 59 62 68 1 38 88 64 67 32 48 57 50 42 52 40 56 72 55 87 60 30 54 78 58 24 74 37 61 65 89 84 39 76 45 35 82 79 12 90 3 4 33 41 80 28 17 81 85 7 70 20 26 44 23 29 16 86 73 18 14 75 
71 2 68 72 36 88 42 19 4 90 61 50 33 73 11 53 18 41 35 79 77 12 7 48 80 43 3 89 49 20 8 52 1 38 46 57 87 64 5 30 6 24 27 63 59 23 14 75 9 10 15 32 51 28 85 29 56 84 66 16 44 74 34 65 22 37 17 13 55 25 81 82 83 31 60 47 62 70 86 78 54 58 45 69 21 26 40 39 76 
34 46 66 65 21 55 53 9 67 63 44 72 24 16 58 23 62 77 13 26 76 38 31 17 89 69 88 47 5 43 25 57 29 35 78 79 49 33 18 64 59 15 27 19 80 45 50 60 37 52 86 40 10 73 61 84 6 22 56 90 75 28 30 11 70 87 48 20 39 82 71 3 51 42 74 32 36 2 54 12 8 1 85 81 7 83 14 4 41 
81 1 77 29 78 20 35 58 30 10 84 11 22 17 67 60 55 5 89 70 51 82 24 54 72 44 42 7 63 71 50 47 37 59 2 62 46 66 28 65 18 14 4 90 31 68 15 26 74 79 32 9 52 80 85 43 38 23 57 49 48 19 86 6 88 33 12 73 53 83 3 61 64 56 75 16 39 27 34 25 13 8 87 36 41 45 76 40 21 
8 79 59 61 65 10 12 38 29 57 24 31 6 83 30 2 81 26 22 36 66 67 39 73 14 72 37 20 15 47 9 76 3 84 27 54 69 5 88 25 7 82 68 32 87 80 4 35 75 28 53 64 11 58 40 17 60 56 46 42 71 43 89 74 23 41 49 33 18 34 51 21 62 45 77 78 16 44 19 48 85 50 86 55 52 1 90 13 63 
67 42 84 48 13 36 22 70 39 34 54 68 61 52 76 40 55 8 63 5 69 50 6 17 66 45 53 28 4 18 41 51 31 9 74 38 43 32 75 35 26 25 14 49 16 57 78 62 15 89 7 19 24 60 88 83 1 33 79 77 73 37 21 81 44 65 82 90 46 47 87 30 27 80 23 86 85 11 3 20 72 59 56 64 29 2 58 12 10 
44 33 86 51 88 12 74 15 50 6 75 58 34 59 37 81 70 84 48 78 61 82 83 45 90 1 4 5 76 9 87 43 57 2 49 89 16 28 66 73 27 54 32 38 60 10 19 85 18 11 30 24 3 68 56 65 25 55 62 47 46 14 23 41 17 31 22 67 29 40 52 7 79 21 36 63 35 26 71 20 69 53 8 42 39 64 13 77 80 
6 16 81 64 25 78 40 87 57 69 68 45 53 82 10 12 22 36 2 84 86 13 47 19 35 39 75 15 8 43 27 79 55 33 54 90 60 38 37 30 51 21 34 23 85 29 65 52 17 67 49 58 46 32 62 1 83 59 4 26 72 5 48 24 20 63 56 42 74 66 80 9 31 18 89 76 44 61 88 14 28 50 70 71 77 41 11 7 3 
43 89 54 70 4 1 79 3 51 88 80 27 38 40 75 12 77 64 31 17 29 7 68 52 66 56 73 55 16 84 37 57 2 76 87 23 72 48 19 42 10 62 86 28 21 58 49 6 60 81 18 45 35 26 46 44 50 65 5 24 53 25 83 41 20 9 22 90 15 69 61 59 63 8 30 32 71 39 33 78 82 13 11 47 34 85 67 36 14 
31 66 46 54 38 6 40 71 65 9 41 32 52 50 35 5 79 59 24 56 61 44 82 88 43 37 1 15 78 39 58 55 47 18 8 17 86 90 81 76 73 33 21 49 13 29 85 20 84 27 74 51 67 68 11 12 77 45 53 28 36 42 16 10 7 4 60 2 87 70 3 30 19 22 69 26 14 80 89 23 72 34 64 83 63 25 48 57 62 
22 13 55 30 63 69 45 84 18 90 17 6 54 15 53 2 72 25 46 78 81 3 66 62 89 9 57 65 32 33 27 14 39 82 4 79 64 87 59 41 26 28 35 20 60 44 50 88 36 74 61 56 73 51 23 80 7 37 77 52 10 47 38 31 67 58 83 8 34 75 43 5 71 24 1 12 29 86 85 70 48 16 68 11 42 40 19 49 21 
54 11 66 23 22 40 9 7 12 13 19 46 57 36 25 89 2 56 70 16 60 15 41 33 47 34 21 49 28 38 85 58 6 10 65 39 84 51 42 82 83 26 61 35 43 50 24 76 5 62 87 63 69 59 72 68 1 18 37 75 80 88 17 29 81 79 90 71 30 3 52 55 20 8 44 73 14 4 86 45 53 67 48 27 74 31 64 78 32 
85 4 12 56 76 38 1 86 55 18 23 15 82 31 46 79 61 83 62 41 59 8 49 58 53 77 64 66 74 88 22 71 51 89 57 33 13 6 10 27 17 87 63 80 52 90 45 65 60 3 20 14 2 16 69 35 73 70 32 50 29 26 67 30 40 21 43 7 37 36 39 24 19 47 34 75 11 68 9 72 84 28 44 25 42 48 54 81 5 
18 5 20 80 90 84 74 50 44 39 26 9 83 62 54 72 33 34 51 1 28 2 8 67 73 32 63 46 87 23 43 13 27 68 36 57 58 77 55 7 16 60 6 82 88 78 21 35 70 69 86 49 59 66 19 25 4 47 52 29 42 65 48 40 45 89 81 64 24 12 14 85 10 71 61 38 22 75 15 17 11 3 31 53 76 41 37 56 30 
37 1 63 11 31 7 25 39 67 55 46 44 34 28 82 88 89 57 70 58 13 43 86 20 30 75 74 24 3 47 77 22 60 17 6 8 68 90 87 23 69 49 54 79 42 26 52 41 15 27 45 10 19 38 21 81 35 51 2 64 18 66 29 65 56 83 48 16 4 33 9 84 61 5 62 78 50 12 32 14 72 71 40 85 36 59 76 53 73 
57 19 8 29 39 75 89 79 71 30 86 21 31 88 43 22 65 78 40 73 64 11 37 44 9 27 52 82 85 45 77 51 18 35 13 48 76 59 54 24 3 6 16 66 50 17 7 23 55 83 12 58 46 32 25 69 63 28 74 84 42 15 10 47 5 68 72 53 33 62 20 80 4 1 2 49 60 90 41 38 87 34 14 67 56 70 26 36 61 
72 43 54 42 21 10 64 32 3 58 85 90 18 70 60 55 7 34 49 30 61 68 5 14 1 73 84 2 83 40 80 81 24 19 20 12 11 69 87 67 53 17 29 88 63 25 26 66 74 86 23 56 36 31 52 15 78 38 41 33 45 39 35 13 76 8 22 28 89 6 50 62 51 48 37 71 79 77 46 75 57 59 16 65 4 47 44 9 27 
71 60 82 72 59 62 67 80 70 11 58 36 31 90 7 78 75 14 61 65 43 47 4 25 89 46 79 13 40 48 18 19 69 38 35 73 52 42 55 21 45 6 86 76 22 3 28 63 30 15 29 10 33 66 39 88 26 41 2 44 64 20 77 27 8 49 68 84 87 81 12 9 32 37 74 34 51 23 16 1 5 56 54 50 85 53 57 24 17 
45 11 47 88 8 55 12 16 3 83 62 48 71 74 32 58 4 68 43 80 89 67 37 18 57 1 21 44 33 15 34 65 31 9 42 87 10 41 81 66 72 19 30 73 5 60 52 14 77 69 82 6 20 46 38 75 40 39 28 63 78 61 17 36 49 54 2 90 76 27 7 59 29 26 86 25 53 56 22 35 51 13 64 79 70 23 24 85 50 
83 27 1 4 25 60 32 55 57 46 90 54 22 12 44 76 56 69 68 70 38 34 42 20 49 11 78 67 43 81 7 19 21 61 33 80 24 30 9 2 88 13 62 15 31 89 48 26 6 41 35 37 58 72 82 64 10 79 73 28 59 71 3 40 74 36 23 18 14 87 47 53 50 52 86 65 77 63 75 16 51 45 8 5 29 39 66 17 84 
14 90 8 46 9 65 54 77 32 39 35 43 23 27 24 40 53 48 17 20 7 70 73 41 87 76 68 2 74 1 61 28 78 47 59 64 22 71 26 12 11 58 44 33 49 72 80 4 84 56 25 38 55 5 34 30 18 16 3 69 6 67 89 62 88 31 85 45 57 51 82 19 42 21 79 75 15 37 81 36 50 13 29 63 10 52 60 66 83 
42 78 23 43 51 80 58 38 34 83 55 59 54 73 35 32 44 19 49 76 2 26 74 15 89 29 39 36 8 47 9 70 25 31 86 14 6 62 5 79 65 63 71 84 48 57 37 72 68 81 50 7 88 13 85 61 28 1 17 22 27 45 21 16 30 18 24 41 33 52 66 77 53 10 75 20 60 90 3 12 56 11 67 4 64 82 46 40 69 
17 61 52 65 30 48 62 6 12 59 42 81 41 37 18 70 34 24 53 76 69 54 5 22 14 44 67 16 4 72 85 84 78 45 40 2 60 27 9 74 8 77 3 90 46 26 23 56 31 25 32 82 87 86 58 35 36 39 47 63 73 75 28 43 64 19 11 57 55 29 1 68 79 80 66 71 10 51 7 89 21 15 49 50 33 20 38 83 13 
19 16 6 24 32 25 69 83 46 51 79 29 28 22 35 45 58 67 81 37 10 20 57 41 21 27 55 30 17 61 2 11 86 73 48 12 33 18 3 80 15 47 64 59 60 43 90 42 76 14 39 23 56 78 75 50 34 74 5 53 36 70 54 62 84 26 49 68 8 87 7 72 9 65 38 63 66 13 88 71 77 52 40 4 31 1 85 44 82 
20 32 24 75 14 69 28 4 60 47 45 56 2 74 29 36 35 77 88 49 71 57 83 86 54 1 38 51 81 8 58 13 68 11 39 26 52 41 84 25 89 62 19 27 23 34 17 61 10 78 72 44 42 21 79 50 40 85 46 73 5 9 66 70 67 7 64 59 37 43 15 6 76 82 87 55 12 31 80 48 18 22 16 53 65 33 30 3 63 
