100
74 86 7 95 51 3 66 52 94 9 76 90 59 69 24 32 43 79 15 47 83 8 80 65 85 60 67 28 14 42 93 36 57 33 22 19 89 16 46 45 40 61 70 91 53 34 27 11 64 77 21 98 48 10 55 37 68 56 4 41 87 20 26 88 44 13 35 54 73 18 25 5 78 71 6 17 39 30 92 49 63 82 72 97 31 2 29 81 100 38 99 58 96 75 62 84 23 50 12 
44 22 41 63 27 77 64 89 70 33 1 29 40 98 86 68 87 60 71 23 92 82 37 25 62 95 19 24 8 42 75 91 10 90 4 76 50 12 56 26 36 80 7 34 13 31 17 38 46 51 96 57 94 69 47 5 52 21 28 55 81 66 45 39 43 72 79 35 32 73 18 97 30 93 9 49 48 54 6 59 67 85 20 99 61 65 83 74 88 58 84 16 11 100 3 53 78 14 15 
4 52 31 1 41 10 85 6 98 21 55 48 95 25 69 80 81 29 32 40 75 2 16 56 59 61 60 67 99 96 93 66 5 49 18 68 19 51 44 78 8 24 39 47 92 64 34 84 97 26 13 70 30 53 88 43 63 82 15 20 77 35 23 58 11 33 42 62 14 50 38 71 73 9 46 74 37 65 22 72 57 36 83 94 27 12 90 7 45 89 100 76 87 17 86 91 79 28 54 
71 89 77 38 49 91 36 31 40 78 32 53 97 75 70 3 56 10 33 20 8 82 87 96 24 43 21 79 84 6 41 85 52 74 62 9 76 68 39 7 22 12 42 13 44 59 11 18 93 61 29 86 81 48 73 25 46 16 67 63 95 100 34 50 26 30 69 94 23 83 1 64 47 37 92 90 58 55 2 80 14 60 28 88 57 72 5 54 65 45 17 98 51 27 66 15 35 19 99 
63 87 57 58 70 71 80 27 100 36 79 19 66 47 12 37 72 18 48 32 7 89 30 13 98 40 96 14 73 9 56 42 23 53 94 61 10 29 95 84 33 75 41 88 62 24 4 99 65 35 97 26 60 90 46 6 68 17 81 45 38 92 54 85 76 49 64 91 11 52 3 59 28 93 20 21 74 82 77 83 43 78 15 50 31 67 51 34 8 55 25 2 16 86 44 1 22 39 69 
47 12 21 26 79 88 74 89 15 73 18 61 13 32 71 7 98 37 10 67 76 94 23 49 28 91 43 22 93 38 96 2 65 95 69 17 46 51 85 68 20 87 86 63 8 82 16 70 83 84 77 45 41 59 42 34 9 72 24 40 36 92 78 25 81 31 3 50 55 19 57 58 52 48 90 53 35 54 99 33 14 100 4 27 56 97 29 60 80 30 75 11 64 1 66 39 44 5 62 
93 20 55 38 28 97 6 94 40 71 63 5 37 34 25 81 27 30 53 17 13 42 86 26 24 62 60 43 70 58 72 1 89 49 77 29 98 51 3 67 65 64 14 92 19 88 78 11 90 8 46 39 75 10 22 80 61 83 82 15 95 41 85 96 69 16 2 48 56 99 12 21 9 87 73 59 52 33 47 31 44 91 32 54 66 84 76 74 4 79 57 18 68 50 35 100 23 36 45 
10 70 60 69 71 88 61 89 42 72 53 19 28 64 68 27 3 74 95 37 7 43 21 51 33 87 50 4 44 94 63 62 18 80 56 76 81 93 34 67 59 78 39 17 100 92 23 45 9 98 54 48 57 26 79 46 96 86 11 90 25 82 35 99 83 38 97 55 12 47 13 14 29 20 52 73 5 66 77 85 16 1 41 30 75 6 2 65 49 36 22 31 32 58 91 40 84 24 15 
1 69 7 83 95 66 11 71 34 51 90 45 31 99 76 39 13 52 41 15 79 10 14 49 65 72 42 86 73 48 26 80 85 91 77 27 92 53 16 56 19 89 35 8 5 2 33 44 87 74 40 22 6 4 96 54 97 88 43 12 78 64 50 63 32 23 29 98 30 21 25 28 62 93 20 24 100 55 61 17 59 37 38 60 3 84 81 82 67 18 47 70 46 75 36 68 58 57 94 
71 59 75 88 15 43 20 33 41 22 32 39 13 29 73 94 74 50 60 54 27 26 97 77 55 83 52 3 47 87 34 17 67 56 65 35 62 48 28 30 81 95 1 98 18 99 80 68 11 12 44 63 70 61 78 9 36 82 84 49 92 86 72 25 24 16 31 42 69 7 37 89 6 85 21 46 38 5 51 57 96 58 14 4 53 79 76 19 23 100 40 93 66 8 90 64 45 91 2 
60 71 32 36 33 35 52 37 17 7 95 44 40 49 75 16 6 91 98 45 54 84 61 46 14 94 72 5 26 70 78 23 90 47 85 48 96 9 79 55 99 50 31 58 25 43 88 1 93 68 30 2 69 34 24 87 22 83 97 27 100 89 77 66 4 39 86 73 65 67 42 62 56 76 21 41 51 20 64 12 8 28 53 63 13 81 10 15 29 18 3 80 57 59 38 82 19 74 92 
57 31 76 22 3 94 97 78 83 46 48 1 68 27 89 39 98 15 56 23 53 69 72 60 40 64 54 26 9 5 85 77 32 36 14 55 71 96 99 20 30 93 88 81 37 100 67 66 58 24 33 29 42 25 18 45 80 65 4 73 28 90 43 6 87 75 61 52 10 92 16 86 21 19 51 35 34 41 74 95 49 70 79 62 59 2 44 8 7 63 38 11 50 82 84 17 13 47 91 
26 38 73 7 33 29 20 48 51 23 84 25 77 31 80 3 28 87 2 62 64 5 98 47 82 34 21 90 52 100 43 44 18 78 12 37 35 53 22 89 16 49 32 96 70 59 69 39 41 55 91 86 66 15 60 24 72 10 50 97 81 63 40 14 36 58 30 61 42 6 79 94 71 11 85 27 8 95 45 56 65 19 88 57 4 67 92 76 17 74 54 46 75 83 1 9 93 99 68 
83 59 43 93 95 81 57 7 29 30 18 76 34 2 44 77 64 47 68 4 62 87 42 63 41 5 60 92 12 86 8 25 73 37 98 53 84 39 6 100 54 70 1 46 17 50 45 9 69 78 26 23 88 13 24 16 79 71 99 27 36 55 97 82 32 35 3 66 31 28 67 72 58 94 19 38 65 96 74 20 33 89 61 51 10 90 40 49 48 91 11 52 85 21 56 75 15 80 22 
96 46 40 8 37 95 94 72 98 60 85 56 43 14 4 5 86 30 88 7 53 3 13 92 93 55 90 42 49 35 52 2 50 79 67 33 78 36 73 84 32 16 38 58 100 39 77 80 48 9 21 19 87 29 61 47 18 28 62 81 17 22 89 91 83 51 10 74 11 25 99 1 71 68 64 26 34 31 63 6 70 27 45 54 12 76 41 23 20 97 24 82 44 75 66 57 65 69 59 
58 43 92 94 61 79 19 50 64 87 4 48 22 72 17 1 25 63 15 68 27 29 99 88 60 30 93 28 14 6 74 20 42 57 5 62 32 23 35 49 2 81 56 82 36 34 54 78 97 33 91 24 11 90 9 40 96 3 75 45 65 86 73 77 10 44 12 98 100 84 71 18 52 8 26 51 89 69 67 21 46 70 66 47 39 38 95 76 55 7 31 37 41 59 85 80 83 53 13 
94 75 63 21 5 12 85 64 16 81 95 23 42 98 28 78 47 19 14 4 99 9 34 73 69 43 22 24 74 53 46 13 2 15 8 11 88 60 58 79 1 37 18 61 40 57 26 36 70 76 59 82 92 89 80 51 7 27 54 49 68 31 67 93 45 56 83 20 10 84 44 65 90 38 96 39 91 62 66 29 35 87 48 3 6 30 71 100 86 33 41 50 25 52 32 72 97 77 55 
9 38 68 5 59 65 19 94 92 99 50 83 70 52 33 84 42 41 95 61 100 16 48 97 77 26 67 40 63 55 10 64 72 32 43 20 21 53 25 91 57 24 90 6 35 79 27 66 86 54 49 73 62 76 31 15 69 17 7 11 71 37 44 51 29 30 2 85 82 8 12 74 81 58 56 28 45 4 22 23 88 89 93 46 78 34 3 47 98 13 96 36 1 87 75 60 80 14 39 
10 9 32 87 45 44 4 16 65 55 56 75 18 78 46 53 49 94 66 99 2 82 43 40 14 86 35 28 57 48 80 24 52 30 85 26 39 3 54 59 69 37 1 72 58 89 17 100 61 92 74 34 27 6 29 62 5 76 41 20 23 67 51 36 12 88 25 50 31 33 11 38 60 68 93 73 77 84 98 13 47 95 81 70 64 8 90 79 71 83 42 7 15 22 21 97 63 91 96 
78 95 42 25 41 81 85 17 84 49 57 46 5 29 11 89 13 71 36 45 43 26 12 97 96 70 94 10 47 51 35 2 3 8 56 32 34 69 87 92 14 19 76 37 58 59 79 28 16 75 82 30 61 64 6 1 18 44 90 62 48 88 50 22 72 9 77 23 65 68 39 98 38 60 27 80 67 73 86 52 74 63 7 40 15 24 55 99 31 93 100 33 21 53 66 54 4 83 91 
16 67 92 24 91 76 36 39 42 6 40 68 28 81 25 2 17 75 74 56 84 64 11 94 79 96 19 78 60 20 97 58 51 98 82 65 88 33 13 31 12 72 27 86 83 49 29 8 77 99 59 15 100 63 37 57 85 54 30 1 90 55 61 62 41 87 43 18 47 93 22 89 53 4 7 70 35 9 45 26 52 5 3 14 50 95 66 32 48 44 73 10 46 71 23 38 80 34 69 
75 94 36 1 68 77 91 40 49 28 38 79 8 46 90 4 74 56 62 45 19 7 81 34 95 53 83 9 2 76 35 58 14 11 31 16 88 51 27 60 70 24 97 98 85 43 57 73 78 71 54 26 61 41 67 82 65 80 69 30 20 92 10 18 29 89 55 13 72 48 47 84 93 50 17 44 42 6 23 33 100 32 37 86 15 39 12 52 21 96 64 63 99 66 5 59 25 87 3 
33 69 71 14 21 30 40 18 20 80 93 58 77 90 59 17 29 38 70 52 100 85 13 96 6 10 34 53 28 15 86 92 36 51 89 63 78 43 11 54 42 83 79 99 60 22 25 57 46 24 82 1 75 27 37 66 48 67 4 39 31 8 61 72 74 65 73 88 44 95 64 16 32 76 87 84 50 97 55 9 5 26 41 56 3 7 91 47 62 12 98 2 35 94 68 81 45 19 49 
57 90 9 63 51 6 91 46 8 100 54 92 95 70 71 39 17 72 25 78 48 68 36 13 49 84 10 27 38 61 62 5 37 42 69 34 64 82 56 81 2 16 40 66 19 97 23 41 73 12 31 60 26 44 1 18 35 33 7 50 11 29 22 30 28 45 85 93 89 96 80 74 88 4 59 79 14 20 99 21 76 3 52 47 94 43 87 86 83 65 53 98 77 58 15 67 75 32 55 
58 53 46 75 77 74 100 96 80 12 28 62 24 43 51 99 92 90 40 68 55 48 98 97 72 7 76 31 65 37 13 36 67 6 81 85 71 50 93 39 52 44 94 61 63 82 47 22 78 20 8 15 60 14 87 42 86 9 66 84 23 88 59 32 56 41 54 4 10 1 21 83 35 64 45 30 18 38 19 49 33 3 26 73 5 79 89 2 70 91 11 57 17 16 29 69 95 27 34 
95 88 53 98 99 76 47 42 22 67 55 74 40 93 63 83 100 77 79 45 90 97 1 13 60 38 16 70 8 33 7 32 73 71 23 61 82 17 41 37 64 87 20 31 52 78 96 4 19 14 34 6 94 46 72 81 62 49 50 85 57 3 59 43 2 5 75 11 56 10 30 36 44 58 27 18 65 84 69 89 24 39 91 28 29 66 48 25 54 86 9 68 12 51 35 21 92 15 80 
93 96 19 56 3 83 82 2 4 33 57 42 76 99 68 37 12 65 34 66 62 54 84 61 94 28 69 75 78 8 47 59 91 6 80 74 15 90 36 86 18 21 30 39 55 31 87 60 85 63 11 58 72 40 81 20 53 35 44 45 46 98 16 29 38 48 95 23 43 1 64 5 7 13 100 79 51 77 49 17 25 52 41 50 24 67 92 32 22 9 10 70 71 14 97 26 89 73 88 
92 36 84 12 51 15 96 89 68 54 100 17 30 87 21 32 93 20 19 91 44 22 42 27 63 8 57 33 78 11 6 39 81 76 41 53 86 52 61 31 97 3 85 60 74 4 70 77 66 67 80 94 48 82 10 55 90 43 18 69 16 26 34 14 99 29 25 64 71 2 23 79 58 7 65 45 95 50 83 72 46 56 59 49 98 9 38 13 47 62 5 73 75 88 40 1 35 37 24 
58 46 63 74 53 34 16 33 10 92 30 42 66 26 24 1 50 49 62 2 71 39 36 79 8 64 21 20 5 47 11 96 73 35 18 52 43 90 70 61 78 44 60 72 51 91 75 55 48 85 19 80 40 13 94 95 54 81 3 89 9 41 27 12 57 93 77 88 68 69 65 97 38 100 98 45 76 28 83 84 14 86 37 87 67 15 56 31 7 17 25 23 4 99 22 6 59 32 82 
39 1 24 72 59 19 73 99 43 63 88 26 46 25 76 36 8 67 27 57 52 83 91 66 92 55 87 9 82 29 64 48 47 41 34 58 18 100 79 80 13 28 50 78 37 97 22 61 31 75 3 98 38 53 84 45 96 62 15 95 23 6 20 14 89 81 10 2 77 7 4 49 86 74 94 54 69 51 56 70 32 60 68 11 85 90 33 42 35 12 17 44 93 40 65 16 21 5 71 
75 83 73 43 4 99 44 85 53 50 28 42 37 19 57 23 97 86 84 94 90 32 56 27 5 12 51 33 11 72 100 77 2 26 10 46 93 34 6 40 55 58 21 16 79 54 60 82 8 48 80 15 9 22 17 59 49 98 39 74 52 36 7 91 71 24 25 92 45 70 88 41 65 14 62 66 95 81 68 1 67 38 61 3 64 35 18 13 89 78 30 76 47 20 69 96 87 63 29 
90 73 18 27 82 95 57 21 63 96 69 8 16 25 39 58 28 46 15 7 13 26 89 75 23 6 24 9 1 60 98 38 83 31 3 40 87 99 56 36 74 22 33 35 59 12 2 68 19 86 76 29 92 37 5 4 65 71 43 41 100 14 79 80 64 94 20 55 47 97 54 78 77 48 51 84 30 44 91 88 10 81 67 11 45 17 52 50 49 42 70 62 53 61 85 66 72 93 34 
100 21 37 49 11 19 83 58 12 25 46 63 13 57 91 73 81 14 54 70 71 10 52 99 32 18 36 61 41 44 47 87 50 62 31 4 15 29 97 23 16 5 17 8 86 66 39 3 78 84 79 9 1 7 74 30 80 92 22 95 43 56 98 6 77 96 42 20 48 45 85 72 69 40 64 93 65 26 28 82 55 68 89 75 76 90 2 34 38 24 88 27 67 59 51 35 60 94 53 
63 100 75 7 25 52 67 94 13 14 55 19 93 80 20 82 95 41 36 16 23 35 39 44 74 77 86 28 47 3 99 10 24 78 85 73 70 79 72 65 91 87 50 27 60 15 22 42 29 48 12 26 61 21 49 66 62 71 37 8 56 53 9 89 59 40 43 51 38 69 88 96 11 6 1 98 97 45 81 18 64 30 4 32 31 5 83 54 58 92 90 76 57 68 33 17 84 46 2 
47 56 100 3 65 30 39 31 80 96 45 75 48 62 43 85 19 93 49 87 28 6 23 32 27 99 97 83 11 82 64 34 90 2 50 52 18 66 8 14 36 15 76 40 70 89 94 60 9 4 68 77 13 53 12 61 54 1 20 26 74 57 71 86 21 92 41 33 37 72 55 67 69 42 10 78 91 44 25 79 63 46 5 38 95 24 29 84 58 16 81 7 88 22 17 73 51 59 98 
96 43 30 79 56 77 88 37 31 29 66 91 75 41 69 44 60 26 48 34 46 86 19 51 21 64 72 38 80 49 63 22 97 85 9 2 59 74 13 65 17 98 92 32 52 54 53 1 71 47 27 82 45 18 84 7 76 93 28 33 4 61 42 78 99 14 15 11 25 39 94 83 3 58 57 62 95 100 50 20 73 55 81 5 24 68 87 8 10 6 40 89 12 70 35 23 90 16 67 
27 92 98 71 63 20 14 84 85 55 89 54 65 33 76 19 51 49 83 38 36 26 22 30 69 24 96 77 90 79 18 94 64 58 15 100 80 95 67 1 91 73 25 70 40 48 61 68 16 21 86 11 72 62 93 35 53 41 39 45 34 43 87 13 97 99 66 9 46 75 56 23 31 17 82 60 47 5 88 44 8 42 74 52 12 78 81 28 7 3 29 32 2 10 57 50 6 4 59 
85 77 10 73 75 33 68 18 28 3 27 2 64 66 86 88 24 6 42 4 80 1 98 17 40 52 71 8 47 35 97 96 54 62 16 9 69 74 92 91 29 84 5 21 58 46 89 78 90 26 81 7 63 83 53 51 45 65 99 19 13 22 57 20 55 61 79 36 30 41 93 67 23 31 56 43 72 70 59 82 60 39 32 50 76 87 37 48 11 100 94 12 14 34 15 44 95 49 25 
77 91 73 5 66 41 24 70 99 26 56 71 74 86 46 60 98 54 50 25 12 93 84 21 35 78 61 81 76 100 4 19 59 82 87 33 31 83 36 53 48 38 14 94 3 1 30 34 90 43 97 79 64 6 45 27 13 58 8 75 11 44 57 51 47 7 23 28 96 69 92 67 62 52 20 22 63 88 85 10 37 68 49 16 18 42 9 17 15 32 65 55 72 89 80 40 2 95 29 
98 87 19 75 44 54 53 10 52 14 41 6 91 1 11 3 24 39 42 90 68 2 99 5 79 100 51 8 38 95 21 58 93 35 80 82 46 66 36 43 50 76 56 64 32 12 74 81 86 55 18 34 23 77 89 67 92 84 61 65 78 83 59 28 27 30 70 25 72 49 26 97 63 33 71 47 9 48 62 37 17 57 29 60 22 7 15 20 73 85 16 96 88 45 4 94 13 69 31 
85 34 37 1 55 9 99 57 96 33 72 5 50 22 17 61 64 20 10 73 35 79 81 42 8 95 63 62 24 65 7 82 4 75 29 11 48 88 12 66 32 80 93 2 74 71 49 60 89 27 86 68 53 15 28 6 40 59 44 23 84 51 19 70 91 94 67 26 83 100 43 47 52 98 21 69 46 39 56 31 90 78 76 87 77 25 58 16 30 3 18 45 92 14 36 13 38 54 97 
45 51 76 64 39 95 79 98 43 15 26 53 67 99 89 37 58 52 29 47 88 9 74 63 22 30 87 57 82 14 34 91 38 20 54 96 44 50 65 85 24 4 70 33 11 49 3 97 48 2 55 62 25 59 46 17 90 56 61 69 19 94 28 77 41 84 75 23 18 86 7 35 80 81 66 100 83 93 36 78 6 32 31 40 27 60 8 72 10 73 12 16 71 5 92 21 1 68 13 
29 6 3 20 7 35 45 93 10 21 33 100 82 37 38 31 12 62 19 2 96 68 80 22 65 27 74 49 98 50 42 39 54 90 85 4 78 60 91 83 53 63 9 70 56 51 11 26 24 84 57 71 41 67 81 18 52 48 8 88 95 16 5 75 46 94 15 1 86 64 25 66 13 34 99 79 30 58 69 59 55 92 28 23 73 36 89 32 76 87 72 14 97 77 47 17 61 40 44 
19 71 29 82 14 46 6 20 83 30 8 98 51 40 43 95 36 18 66 63 79 13 70 87 97 22 88 99 60 56 1 35 61 69 73 17 49 12 72 85 59 21 75 3 58 90 91 76 53 65 78 5 89 67 80 86 64 26 81 32 68 47 16 4 54 48 10 9 94 39 45 96 55 57 24 27 25 33 11 41 100 15 92 42 2 23 7 31 62 28 84 77 52 74 34 50 93 37 38 
17 81 24 79 67 21 52 61 43 12 71 98 62 23 4 27 38 28 15 88 69 36 56 92 11 30 73 3 65 48 93 53 86 9 50 35 22 57 82 14 63 99 91 77 34 85 10 20 46 19 94 32 6 83 59 60 5 74 89 72 95 1 33 90 26 29 78 70 96 18 8 66 68 13 75 84 100 42 47 64 2 51 49 25 54 44 97 58 80 87 55 16 31 76 41 37 7 40 39 
76 5 75 1 9 62 28 29 42 79 17 6 98 57 8 84 52 93 77 21 45 4 25 39 65 50 83 94 91 27 88 74 66 40 35 11 69 59 41 60 43 100 16 92 90 38 67 37 81 64 47 24 82 97 30 33 48 53 44 10 70 89 14 3 72 80 55 7 61 20 26 56 96 34 36 13 18 68 73 32 19 54 51 78 63 99 58 2 95 71 22 12 49 23 87 15 86 85 31 
61 6 65 93 90 60 79 31 74 87 98 1 73 53 85 83 25 92 57 28 70 7 41 46 100 9 23 18 29 89 34 81 76 71 64 20 21 42 11 33 63 16 19 13 2 32 8 3 17 30 27 26 36 35 12 95 91 82 75 15 96 45 44 80 51 69 86 99 14 24 94 49 56 50 43 37 58 40 22 68 54 5 62 52 48 77 88 97 10 84 38 39 4 59 55 67 78 66 72 
66 42 51 29 13 88 17 95 20 26 25 89 8 94 96 11 82 10 72 58 71 90 47 97 52 50 16 61 84 78 60 40 62 64 23 9 6 86 35 100 92 99 27 15 4 37 98 63 53 54 34 70 30 69 5 65 39 28 24 19 77 21 31 46 43 85 41 76 22 56 49 73 91 83 1 44 67 55 68 75 38 59 45 36 3 33 7 18 93 81 87 74 32 79 12 57 80 2 14 
60 70 45 91 17 99 3 18 100 20 30 51 1 38 39 33 46 44 88 23 34 80 82 89 42 61 29 12 86 63 71 72 87 92 59 74 96 19 22 73 9 58 14 75 36 15 24 50 7 37 65 55 10 94 53 35 83 54 32 62 41 64 8 6 97 79 28 93 81 40 98 25 95 57 90 27 43 48 16 76 2 47 26 52 85 11 56 4 68 67 84 78 5 77 69 31 21 66 13 
80 43 82 2 90 3 14 9 27 68 33 84 95 91 45 88 24 55 25 5 17 18 10 49 39 16 21 38 26 4 23 22 64 47 58 13 100 65 42 46 53 69 34 74 99 15 97 32 83 57 93 6 1 96 73 12 20 62 98 7 36 78 71 52 19 86 31 60 81 66 67 8 94 11 72 29 54 75 63 35 92 59 51 40 37 61 56 30 70 28 87 89 44 41 48 85 77 76 79 
29 58 31 79 61 81 65 53 74 92 54 46 24 86 10 12 19 37 85 75 93 55 68 76 14 82 23 98 34 1 73 39 5 97 60 94 90 52 64 28 22 35 80 66 71 26 27 100 47 21 33 69 43 49 59 36 40 16 67 56 42 13 30 89 6 44 72 88 57 15 11 41 20 63 45 38 77 70 96 95 78 2 87 91 83 50 84 62 3 32 9 8 99 18 17 25 7 48 4 
83 88 67 45 55 95 15 94 22 9 98 85 21 96 90 81 79 61 92 60 66 73 1 26 47 53 86 19 72 36 97 25 100 58 33 51 2 37 23 41 68 65 50 13 42 84 18 93 48 20 99 27 35 12 4 11 75 30 10 89 31 46 62 17 57 78 74 3 40 76 63 39 6 71 34 70 69 59 44 7 32 49 91 56 64 38 77 8 16 87 43 28 54 29 14 82 24 5 80 
49 98 45 24 32 37 16 41 69 71 26 57 100 25 75 43 80 23 39 33 40 90 27 11 91 86 61 9 85 68 60 77 29 83 89 64 31 72 62 1 20 74 8 48 81 96 6 52 70 78 76 12 63 17 42 58 38 79 7 4 55 67 28 36 47 30 97 5 82 59 19 44 34 46 15 18 35 54 22 87 92 51 50 2 95 99 3 88 13 93 65 10 21 56 66 73 94 14 84 
84 7 20 30 39 46 13 23 57 58 14 75 77 60 73 29 43 22 34 36 70 33 98 59 2 49 67 66 69 17 3 86 6 62 87 37 26 12 94 21 64 51 91 1 50 19 40 5 61 95 47 90 24 97 52 15 53 83 65 82 78 80 31 11 96 48 16 9 27 8 81 100 92 56 41 76 28 72 68 74 44 85 93 25 42 38 55 71 45 32 4 88 99 10 35 79 63 18 89 
6 64 26 96 43 31 99 33 19 2 15 61 46 62 40 54 45 24 44 67 92 85 89 82 65 56 91 53 41 48 34 79 69 10 90 77 80 29 74 49 73 70 17 98 84 12 1 57 16 32 13 7 35 71 39 81 11 66 8 72 4 30 52 63 38 50 83 68 93 27 23 20 5 60 75 100 97 9 18 86 42 76 58 88 36 95 78 22 21 14 87 47 51 3 59 28 37 25 94 
94 10 22 55 33 5 81 40 52 95 86 51 35 65 42 39 64 19 30 78 38 67 53 69 66 98 18 41 37 70 96 58 9 75 46 16 21 34 62 15 63 93 80 57 82 83 72 45 48 77 2 74 91 99 4 61 31 32 50 6 71 20 47 84 79 43 89 12 13 90 68 3 29 1 87 59 49 54 14 60 7 100 17 27 97 73 88 44 28 76 8 24 25 11 85 36 23 92 26 
30 84 87 1 15 92 39 32 91 27 48 25 54 3 68 51 83 85 14 5 46 90 97 89 79 65 18 59 13 66 50 100 19 96 82 63 72 12 49 23 16 8 56 43 21 67 94 35 80 41 55 62 17 76 37 11 73 64 10 9 6 26 38 4 78 77 61 71 44 22 28 53 45 99 24 93 7 42 58 40 60 20 47 33 70 36 34 2 88 74 98 95 29 86 69 81 31 75 52 
1 65 84 17 39 70 98 63 40 19 51 46 43 62 18 53 66 81 33 83 41 44 21 67 31 56 29 8 90 68 99 82 3 80 71 93 7 24 36 4 89 37 11 20 32 9 69 78 45 95 30 23 74 79 87 22 15 52 38 94 85 42 13 88 55 54 25 57 64 60 100 76 97 73 91 48 5 72 26 34 27 96 2 47 49 59 50 92 35 28 6 75 86 16 10 77 12 14 61 
57 44 78 26 42 45 6 19 96 98 37 32 64 93 68 84 43 28 75 17 69 70 53 97 95 18 12 15 76 65 29 49 46 10 4 30 36 51 2 31 81 34 40 16 71 88 5 23 25 77 24 14 66 83 54 72 61 58 56 94 86 8 82 89 74 9 92 100 13 90 41 3 52 20 67 62 91 22 21 99 87 60 48 7 35 11 38 85 80 63 27 47 39 79 1 50 73 33 55 
43 12 58 79 48 72 45 93 16 42 41 99 56 30 84 1 50 90 17 29 10 92 49 95 3 23 94 13 81 14 87 97 86 91 46 34 38 76 6 20 32 65 74 31 57 75 63 69 39 21 67 83 26 53 8 24 7 35 22 62 18 2 36 66 82 15 80 68 47 89 77 40 25 64 71 11 44 51 54 70 59 100 9 28 98 85 78 37 27 88 61 4 5 73 96 55 52 19 33 
6 7 71 41 80 100 18 81 76 62 42 46 44 53 68 54 3 95 73 52 13 26 57 2 93 31 16 48 20 78 77 89 75 60 51 36 94 69 23 12 56 38 91 37 55 4 17 8 79 39 24 58 40 25 47 70 92 59 98 96 27 9 33 19 35 99 97 67 66 22 83 34 32 1 15 82 90 64 86 10 84 14 72 85 11 74 28 29 87 65 45 43 88 50 21 5 49 30 63 
63 18 53 26 83 45 9 15 14 39 76 25 79 96 4 71 92 1 28 49 35 55 6 36 16 27 77 23 73 93 7 44 46 5 58 70 95 51 31 48 29 40 3 43 54 32 33 68 64 89 59 38 74 56 94 22 17 13 81 57 97 100 91 42 99 88 80 69 87 8 47 90 66 65 75 12 60 10 52 78 37 24 85 82 84 20 11 41 2 34 30 86 61 72 67 19 21 50 98 
29 43 11 51 92 96 10 77 19 69 100 93 54 86 13 83 34 74 35 75 17 70 73 5 81 36 8 21 59 85 58 22 88 6 3 40 41 55 28 44 61 14 45 62 94 97 12 65 72 24 20 23 46 68 4 33 53 95 64 82 66 80 90 57 47 15 52 38 71 91 79 42 37 9 56 87 48 76 30 1 26 32 60 89 49 16 67 2 31 7 84 50 99 27 25 78 98 39 18 
78 100 4 94 86 10 31 12 47 80 15 44 9 70 40 33 98 13 99 95 54 50 71 34 77 5 57 89 17 96 28 8 91 36 79 56 42 7 39 18 84 46 11 3 38 58 61 2 90 43 85 93 20 76 29 74 49 21 67 22 72 16 60 75 69 87 48 83 97 14 25 68 65 1 63 55 41 81 62 35 27 26 45 53 59 51 92 88 73 24 23 6 19 82 66 52 30 37 32 
30 40 18 3 70 89 32 47 68 48 79 8 80 10 41 97 83 19 20 42 39 67 72 44 61 45 28 94 50 76 59 82 26 46 74 100 12 4 71 16 95 81 58 54 62 7 9 37 2 90 31 91 38 51 78 63 92 86 60 33 15 27 35 6 22 23 49 96 17 13 66 52 57 75 11 93 36 1 88 25 73 5 21 64 77 85 56 53 14 55 29 84 34 43 24 87 69 98 99 
20 63 68 42 69 33 39 24 30 9 99 57 91 72 46 54 61 83 93 88 1 26 41 77 81 58 50 71 96 16 75 97 94 45 56 3 23 31 73 34 40 6 44 12 100 84 65 60 13 89 48 80 8 25 17 59 78 85 18 27 55 5 32 64 74 29 52 21 76 86 4 87 43 10 51 36 38 15 22 2 79 49 70 37 82 98 62 28 11 7 67 90 47 19 35 14 95 92 53 
98 41 10 40 95 51 25 74 34 79 49 70 88 6 35 81 15 59 55 17 14 84 100 22 9 97 71 33 65 5 86 52 12 75 61 13 8 24 29 18 53 93 7 60 85 27 4 77 68 89 47 26 64 28 48 37 82 69 58 50 66 76 23 44 63 2 83 30 3 78 87 45 54 42 72 73 16 21 91 36 92 20 1 19 56 39 46 94 32 96 99 62 31 43 11 80 90 38 57 
80 82 98 99 2 34 8 22 37 36 26 21 59 72 18 92 43 30 10 7 23 1 4 69 79 74 56 89 67 90 84 70 40 20 100 95 86 19 66 33 57 32 15 77 75 63 88 91 50 11 62 78 53 5 51 60 83 29 64 55 24 87 3 81 35 85 14 46 28 48 49 16 17 58 71 9 39 44 47 76 61 45 13 6 42 93 52 73 38 65 27 94 12 31 97 96 41 54 25 
98 29 95 79 86 38 81 32 9 3 93 57 56 76 44 96 82 58 87 4 16 60 51 50 63 90 92 66 75 36 35 39 62 22 34 26 97 11 43 40 1 45 37 25 64 48 33 72 2 31 24 21 99 73 55 13 85 61 49 52 67 6 83 78 10 5 53 74 20 41 17 30 77 59 68 91 47 14 94 15 65 71 42 88 54 89 28 7 18 84 8 12 27 46 19 80 23 100 70 
53 7 47 14 52 59 45 36 32 90 17 51 67 62 33 56 48 94 22 6 64 100 74 11 57 20 69 93 8 28 79 75 27 73 80 24 50 3 10 18 66 30 49 82 78 97 63 88 42 58 87 31 61 5 26 16 76 83 72 40 89 92 9 95 19 23 71 37 91 85 77 60 25 84 55 21 35 15 65 46 39 12 96 43 34 1 81 98 38 4 2 13 41 54 99 29 86 44 68 
23 26 66 29 35 19 24 45 62 60 79 58 99 37 34 20 14 28 53 100 16 43 47 8 91 88 96 49 40 2 94 61 56 4 30 9 55 51 65 10 22 13 72 41 80 74 1 52 48 36 87 18 25 50 81 98 69 92 83 39 17 70 5 38 59 44 97 67 73 15 84 89 21 31 95 32 6 77 86 12 7 64 85 3 46 93 27 68 54 63 90 78 11 76 75 82 57 42 33 
1 47 100 3 4 30 46 25 27 18 45 20 85 67 53 10 66 48 69 81 9 26 29 95 22 28 57 56 16 11 43 65 36 98 5 35 92 59 90 87 58 63 61 32 37 38 89 83 73 13 94 70 52 62 71 17 7 33 76 77 14 6 60 15 41 78 64 39 8 93 31 88 74 50 86 75 79 54 44 24 21 51 97 99 34 2 40 96 42 80 91 19 68 23 49 84 12 55 82 
19 76 74 25 30 11 72 67 26 46 6 66 32 98 75 12 52 78 68 51 53 21 61 69 16 82 94 86 65 81 7 64 34 35 77 5 58 2 91 36 60 3 43 83 4 13 49 79 47 23 84 31 85 20 88 41 24 42 27 87 1 9 50 45 14 15 93 70 59 29 99 39 17 95 37 63 96 57 22 90 44 40 80 28 33 8 38 71 97 100 55 89 48 10 92 18 56 54 62 
48 27 53 46 51 36 93 78 37 16 20 86 71 1 62 56 99 59 73 8 13 89 79 97 76 4 39 44 26 43 6 21 19 31 55 30 35 70 57 33 29 18 83 14 52 95 11 87 17 7 65 12 2 67 9 66 50 24 85 91 94 60 22 82 5 38 41 47 75 84 90 68 63 3 32 80 28 42 81 88 45 10 98 61 58 25 100 34 54 15 23 40 64 49 69 72 77 96 92 
65 5 3 16 97 57 87 61 64 23 78 19 42 43 80 68 62 15 81 66 89 88 98 84 53 74 60 17 86 18 91 50 40 83 1 30 24 44 20 14 96 69 70 58 45 36 79 54 63 93 34 29 71 31 25 41 10 7 56 59 52 95 6 4 73 8 48 13 49 2 28 100 11 33 67 12 39 35 9 92 37 38 55 85 94 22 47 51 82 21 99 46 90 72 76 32 27 26 77 
12 67 26 73 10 20 27 39 96 99 68 69 22 9 15 7 71 11 54 91 38 34 44 59 81 30 16 31 45 6 51 49 84 95 21 55 41 24 85 58 92 79 64 94 98 35 5 87 14 47 29 46 43 1 3 100 86 80 72 50 97 66 25 18 70 62 78 53 75 8 77 63 13 88 28 57 33 17 74 48 32 36 93 61 60 23 4 37 2 90 83 82 19 65 56 40 52 42 89 
44 8 43 95 14 37 29 93 15 1 2 11 33 55 99 85 53 21 5 82 94 72 42 28 81 39 19 34 67 64 65 61 18 59 56 23 13 27 69 58 50 89 40 83 88 74 97 73 22 91 25 10 3 92 20 32 90 24 31 76 35 46 30 4 78 48 54 16 70 86 100 51 26 38 36 80 63 96 47 87 49 9 52 66 41 71 98 6 75 57 62 17 79 84 12 45 60 7 68 
21 93 72 50 41 24 26 54 30 66 65 61 83 23 96 7 33 56 55 44 77 62 92 22 16 19 49 80 47 28 89 6 82 81 64 76 8 10 58 85 48 39 15 46 42 88 3 98 99 59 36 75 2 13 67 9 91 25 57 71 94 38 27 32 12 45 31 73 84 35 37 18 14 17 51 69 34 11 97 60 86 52 68 43 63 95 100 74 90 1 79 29 4 87 20 40 53 70 5 
57 87 20 60 68 8 46 77 19 97 47 70 32 5 91 93 30 86 34 18 98 41 62 51 33 31 66 15 28 54 3 11 59 9 69 53 58 42 21 39 13 4 14 25 2 61 64 80 36 22 85 95 90 35 65 37 75 26 92 40 27 55 6 74 67 99 1 10 38 29 43 72 71 88 84 7 16 24 76 12 49 23 83 45 94 48 50 56 89 63 78 73 100 44 81 82 17 96 52 
20 7 82 91 48 100 54 78 72 59 30 83 85 87 27 18 79 2 62 98 51 31 99 1 41 75 25 74 86 88 38 69 93 40 53 29 32 55 96 49 76 58 95 6 11 26 16 42 67 61 3 19 10 63 60 24 15 44 14 89 28 34 13 90 37 84 35 73 71 4 81 5 22 36 46 94 21 9 77 64 66 50 45 97 33 65 39 70 12 57 17 52 47 23 92 68 8 56 43 
66 52 84 58 42 12 39 90 55 98 15 9 36 54 59 16 96 94 43 71 64 46 47 8 83 76 22 18 31 97 24 28 7 35 87 79 74 13 20 92 33 25 86 4 49 60 88 23 99 21 56 65 30 50 34 6 78 45 27 95 70 62 11 63 57 5 85 75 38 72 89 1 61 80 51 37 44 32 68 17 3 91 53 69 10 26 82 48 2 100 77 93 40 19 29 67 14 41 73 
5 67 52 18 65 1 80 27 40 41 7 77 85 33 84 37 66 76 86 15 24 97 64 71 93 62 4 91 87 23 6 74 69 88 43 28 72 3 10 98 42 56 53 8 54 13 81 90 92 19 20 94 36 60 89 44 59 25 51 2 83 46 99 26 22 38 61 70 35 14 100 16 29 31 79 68 12 9 48 96 73 95 49 75 63 21 47 58 55 11 30 50 45 39 17 57 34 78 32 
1 93 88 17 94 51 100 42 21 50 45 65 66 13 38 64 59 34 27 84 77 80 30 81 87 9 57 43 85 63 11 29 41 86 25 54 20 2 4 79 96 89 32 19 52 44 90 95 53 74 56 61 55 22 69 24 46 33 8 60 62 71 48 72 6 37 10 98 7 68 3 58 82 36 49 28 15 16 12 23 70 73 91 5 26 78 76 31 40 99 14 75 97 35 67 92 18 39 47 
69 38 76 49 68 13 32 43 85 79 59 90 37 78 47 63 92 39 62 91 81 9 89 94 3 45 67 80 23 99 58 96 82 4 60 46 30 71 5 50 36 56 72 95 100 16 26 33 7 42 54 25 17 41 70 6 65 8 14 44 10 83 28 53 98 29 19 22 27 57 87 86 73 48 1 97 66 55 35 24 11 75 31 34 51 74 15 2 93 40 61 64 12 88 21 20 52 77 18 
40 11 60 24 3 79 10 82 54 22 83 23 98 64 93 13 38 58 37 53 41 36 12 43 45 46 32 14 20 1 52 91 63 34 7 86 78 61 57 51 90 25 99 19 96 27 4 9 88 35 62 30 55 8 87 28 21 70 72 84 42 66 16 5 2 67 56 89 29 94 26 81 50 33 47 95 48 59 77 100 31 74 17 73 44 80 6 18 49 76 92 15 65 71 75 39 68 97 69 
53 94 91 81 74 99 51 62 87 19 15 37 64 44 54 76 23 68 18 50 52 98 8 58 93 5 83 55 73 89 20 65 77 49 9 60 46 88 13 56 34 48 66 97 31 24 59 40 75 25 11 79 1 57 38 82 32 29 14 63 78 4 26 85 45 22 17 43 33 69 21 39 6 30 2 10 90 27 41 16 67 95 84 92 80 71 3 28 70 35 47 36 100 96 42 72 7 61 12 
7 64 40 49 99 17 81 32 84 95 65 72 88 51 5 29 76 60 12 89 41 11 53 16 94 57 100 63 96 55 77 18 67 74 52 45 50 97 48 36 37 22 23 38 56 83 70 42 1 31 90 15 47 20 79 91 44 58 26 6 43 75 9 66 78 62 68 54 25 71 93 28 2 10 39 59 35 34 8 27 3 24 98 33 46 13 73 14 82 69 92 19 80 86 85 21 61 4 30 
75 26 11 56 49 10 16 31 87 67 52 19 60 34 66 23 18 22 5 98 63 28 14 51 93 7 32 42 84 30 1 29 62 65 97 83 36 2 91 64 71 95 59 3 92 74 80 99 86 70 78 50 8 39 55 13 90 73 6 40 58 9 89 21 72 68 45 94 48 20 85 54 76 24 53 69 33 35 43 96 37 57 61 46 12 4 44 81 41 17 25 38 15 47 100 79 27 77 82 
71 65 19 69 61 97 77 16 14 2 88 9 49 90 72 57 32 68 38 96 70 50 47 30 48 63 4 59 85 82 83 40 5 80 46 75 35 27 15 39 94 54 78 87 17 44 33 11 12 84 6 26 86 95 29 1 25 53 98 100 23 93 51 79 8 34 73 92 37 10 28 81 60 67 43 42 64 24 31 21 3 52 56 13 55 66 91 36 76 99 62 58 7 45 41 18 22 20 74 
36 78 61 29 63 51 38 81 48 85 83 28 84 100 75 96 3 12 73 14 8 94 69 77 95 93 25 49 19 88 53 10 66 59 30 26 6 70 68 20 72 37 46 86 44 62 58 15 60 18 91 71 55 21 4 57 24 74 97 27 31 2 87 35 33 13 56 7 99 17 52 40 23 76 89 22 34 67 82 32 41 54 65 79 42 64 50 98 16 92 5 43 1 11 39 9 47 45 80 
55 22 51 79 31 12 42 66 26 39 85 71 75 63 11 78 34 1 96 13 84 2 82 67 92 28 60 30 88 72 40 24 6 19 89 29 8 21 36 87 41 74 69 18 58 49 45 53 73 17 99 97 90 83 38 43 14 35 93 50 3 94 4 25 7 76 27 95 65 81 59 54 77 5 47 56 9 15 32 68 46 98 70 80 52 20 44 57 37 86 16 33 48 10 62 100 61 23 64 
48 12 37 43 65 2 82 60 91 13 84 94 34 70 75 32 30 100 71 85 64 11 39 40 72 27 17 44 86 10 80 78 59 98 19 33 74 6 81 61 68 95 20 58 69 9 88 76 16 29 35 8 51 73 83 31 47 1 97 38 23 25 22 55 14 56 77 24 41 90 54 63 87 79 45 62 93 67 36 18 89 4 26 3 7 99 53 52 21 15 66 57 49 28 46 42 5 50 96 
39 64 71 97 98 48 21 85 58 25 57 26 29 53 6 7 2 37 45 82 47 46 61 9 75 14 83 72 59 10 87 81 20 42 95 62 4 31 18 79 52 22 51 44 16 28 67 11 24 99 70 56 23 43 84 91 3 63 38 96 15 50 1 17 40 66 19 92 35 94 49 88 77 89 41 33 34 30 65 36 60 90 80 27 76 8 12 100 54 73 68 74 69 13 5 78 55 86 32 
21 78 66 35 14 17 98 68 8 39 80 33 67 22 73 91 47 32 31 63 41 93 29 5 23 54 84 2 38 65 61 4 79 7 72 86 57 92 16 10 3 48 28 11 30 60 74 95 87 64 85 100 19 42 18 59 62 81 89 36 9 34 44 26 13 58 88 46 1 15 96 27 82 71 52 69 24 99 20 90 75 37 76 45 55 83 50 40 77 56 53 25 51 43 70 97 6 12 49 
35 25 3 64 51 91 72 10 6 98 80 39 74 42 2 57 9 38 27 34 77 93 68 31 100 69 82 99 78 84 36 53 65 8 50 67 21 59 22 33 19 20 15 16 40 89 75 52 58 73 61 14 23 47 7 92 90 1 18 29 96 60 76 54 26 70 32 81 45 83 86 71 13 97 11 44 87 46 43 79 49 56 5 62 88 63 28 66 48 4 37 12 41 30 94 17 24 55 85 
3 32 68 66 65 29 21 50 94 60 8 27 74 91 73 33 11 28 35 87 55 16 15 77 83 70 59 62 25 23 51 75 19 6 42 81 99 78 36 88 79 40 89 14 17 56 80 58 82 44 4 5 20 95 26 46 64 54 93 7 31 48 41 71 85 52 10 24 30 72 63 39 45 2 97 22 18 90 53 34 67 47 98 12 76 69 43 49 100 13 84 38 9 1 37 92 61 57 86 
76 91 49 43 93 98 18 82 4 61 66 89 31 29 1 39 17 67 52 3 86 83 80 75 42 84 30 21 11 12 23 41 47 74 36 85 72 62 99 45 65 94 64 79 58 57 25 14 33 73 88 69 55 8 9 28 35 38 87 78 15 27 90 48 46 44 59 22 71 54 95 60 6 96 81 32 51 92 40 16 34 2 53 70 63 50 10 26 20 77 13 56 37 19 100 68 24 5 7 
4 17 27 30 83 47 61 85 82 31 5 55 71 78 48 21 94 52 24 26 89 64 7 90 14 34 12 97 42 43 36 77 96 38 45 44 33 18 37 63 15 3 35 46 8 39 9 100 11 80 88 79 81 76 66 74 49 65 19 16 84 22 32 58 91 72 6 60 67 95 87 56 75 13 99 40 70 62 28 1 69 41 10 57 93 86 20 68 54 59 23 50 2 29 73 53 51 92 25 
30 65 57 9 8 28 45 27 94 12 19 69 46 67 75 60 62 3 26 64 16 49 47 90 23 11 48 20 44 50 82 34 92 72 6 17 4 2 15 91 81 77 25 80 32 55 51 1 35 7 18 61 22 63 78 76 59 24 100 96 68 74 43 95 87 37 84 13 5 52 88 36 39 33 71 14 56 73 53 38 29 93 41 66 31 85 79 70 97 89 40 98 10 21 42 54 83 86 58 
54 90 50 35 23 18 64 19 59 79 33 34 49 74 72 69 14 63 61 8 73 5 47 58 41 77 86 11 16 55 60 87 12 53 40 30 4 25 1 13 31 92 7 39 38 95 75 22 48 57 51 44 88 29 99 97 20 27 70 9 66 67 46 24 82 91 28 65 78 26 3 62 68 56 32 21 36 45 83 93 17 89 98 42 85 84 6 76 10 2 94 15 71 43 81 37 52 96 80 
